num_objects: 15
object_0: [0.65,0]
object_1: [0.783093,-0.236481]
object_2: [0.793376,0.0316201]
object_3: [0.679351,-0.2861]
object_4: [0.573672,0.104722]
object_5: [0.550228,-0.153432]
object_6: [0.789623,-0.179551]
object_7: [0.862537,0.218388]
object_8: [0.689627,-0.0944331]
object_9: [0.856887,-0.0329723]
object_10: [0.552272,0.224361]
object_11: [0.465555,0.0162261]
object_12: [0.501212,-0.265617]
object_13: [0.63756,0.122868]
object_14: [0.440997,-0.032106]
