num_objects: 15
object_0: [0.65,0]
object_1: [0.773591,0.153558]
object_2: [0.475528,0.189581]
object_3: [0.765999,-0.00264093]
object_4: [0.847771,-0.131804]
object_5: [0.689227,-0.0473142]
object_6: [0.631272,-0.249097]
object_7: [0.429053,0.119514]
object_8: [0.494293,-0.0581322]
object_9: [0.667266,0.0701056]
object_10: [0.448279,0.275393]
object_11: [0.539157,0.181868]
object_12: [0.895004,0.0809065]
object_13: [0.611998,0.142314]
object_14: [0.595387,0.0450313]
