num_objects: 15
object_0: [0.65,0]
object_1: [0.47573,-0.170079]
object_2: [0.822229,-0.215211]
object_3: [0.675993,0.177002]
object_4: [0.86516,-0.0814802]
object_5: [0.762933,0.0690204]
object_6: [0.706083,0.115351]
object_7: [0.451149,0.0445206]
object_8: [0.648635,-0.0707276]
object_9: [0.842573,0.03895]
object_10: [0.495846,0.261467]
object_11: [0.635122,-0.249498]
object_12: [0.680462,-0.156106]
object_13: [0.572356,-0.245393]
object_14: [0.76385,-0.150095]
