num_objects: 15
object_0: [0.65,0]
object_1: [0.840393,0.0500692]
object_2: [0.883192,-0.197969]
object_3: [0.426873,0.0314257]
object_4: [0.78148,0.204194]
object_5: [0.817468,-0.275206]
object_6: [0.744962,0.0287145]
object_7: [0.647983,0.0935566]
object_8: [0.858845,0.10456]
object_9: [0.526344,0.14758]
object_10: [0.763581,-0.245937]
object_11: [0.742328,-0.182305]
object_12: [0.536539,-0.137207]
object_13: [0.827385,0.276164]
object_14: [0.561957,0.24511]
