num_objects: 15
object_0: [0.65,0]
object_1: [0.528892,0.208908]
object_2: [0.676177,-0.273278]
object_3: [0.60044,-0.233366]
object_4: [0.433852,0.148934]
object_5: [0.792797,-0.0791049]
object_6: [0.896251,0.0389038]
object_7: [0.684453,0.250547]
object_8: [0.530095,-0.0944442]
object_9: [0.696604,0.0388402]
object_10: [0.508264,0.13459]
object_11: [0.445889,-0.0486293]
object_12: [0.790811,0.0401378]
object_13: [0.461866,0.0319873]
object_14: [0.70972,-0.176565]
