num_objects: 15
object_0: [0.65,0]
object_1: [0.574005,0.18232]
object_2: [0.849762,0.0826579]
object_3: [0.544633,-0.0178216]
object_4: [0.692996,0.0557448]
object_5: [0.793289,-0.130464]
object_6: [0.756461,-0.0272151]
object_7: [0.883002,-0.0781006]
object_8: [0.489151,-0.17723]
object_9: [0.476301,0.0470526]
object_10: [0.818709,0.263283]
object_11: [0.778208,0.0567302]
object_12: [0.655694,-0.237709]
object_13: [0.890306,-0.253849]
object_14: [0.741962,-0.102827]
