num_objects: 15
object_0: [0.65,0]
object_1: [0.539553,-0.290934]
object_2: [0.529343,0.265392]
object_3: [0.402287,-0.022985]
object_4: [0.595564,-0.0826819]
object_5: [0.728601,-0.0571353]
object_6: [0.544363,0.162173]
object_7: [0.823621,-0.0819502]
object_8: [0.471782,0.0793804]
object_9: [0.415657,-0.251055]
object_10: [0.698681,0.124827]
object_11: [0.699349,-0.105294]
object_12: [0.476297,-0.101661]
object_13: [0.836486,0.098408]
object_14: [0.5997,0.0181036]
