num_objects: 15
object_0: [0.65,0]
object_1: [0.656325,-0.247875]
object_2: [0.77442,-0.091449]
object_3: [0.464099,-0.036742]
object_4: [0.847721,0.074498]
object_5: [0.447345,0.187879]
object_6: [0.549215,0.273141]
object_7: [0.750601,0.066352]
object_8: [0.720612,-0.0684165]
object_9: [0.447083,-0.104472]
object_10: [0.691066,0.108938]
object_11: [0.895574,0.213125]
object_12: [0.876442,0.291022]
object_13: [0.872654,-0.100208]
object_14: [0.758085,-0.0252251]
