num_objects: 15
object_0: [0.65,0]
object_1: [0.899901,0.226335]
object_2: [0.426952,0.0312941]
object_3: [0.86088,-0.0271295]
object_4: [0.731607,0.293679]
object_5: [0.501503,-0.0307156]
object_6: [0.578811,-0.182694]
object_7: [0.406823,0.255918]
object_8: [0.437345,-0.0760341]
object_9: [0.79253,0.100738]
object_10: [0.869005,-0.299047]
object_11: [0.596107,-0.282128]
object_12: [0.698342,0.0265624]
object_13: [0.763574,-0.170325]
object_14: [0.446675,0.182341]
