num_objects: 15
object_0: [0.65,0]
object_1: [0.434394,0.112876]
object_2: [0.55023,0.249617]
object_3: [0.425771,-0.0335847]
object_4: [0.674165,-0.250286]
object_5: [0.6628,-0.190669]
object_6: [0.653192,0.0821773]
object_7: [0.518322,-0.237752]
object_8: [0.572504,0.201206]
object_9: [0.614128,-0.138493]
object_10: [0.492018,-0.0121702]
object_11: [0.543349,-0.098021]
object_12: [0.805141,-0.108404]
object_13: [0.773956,-0.250099]
object_14: [0.578265,0.0725301]
