num_objects: 15
object_0: [0.65,0]
object_1: [0.676579,0.200898]
object_2: [0.413285,-0.128906]
object_3: [0.565214,0.253267]
object_4: [0.571627,-0.283183]
object_5: [0.896861,-0.059184]
object_6: [0.763609,-0.190615]
object_7: [0.802237,-0.14295]
object_8: [0.799575,-0.0139415]
object_9: [0.89016,0.237425]
object_10: [0.801275,0.12844]
object_11: [0.819317,0.175535]
object_12: [0.574456,-0.142423]
object_13: [0.664874,0.143811]
object_14: [0.818841,-0.250256]
