num_objects: 15
object_0: [0.65,0]
object_1: [0.687257,0.21855]
object_2: [0.584032,0.242966]
object_3: [0.793181,0.260128]
object_4: [0.806913,-0.22223]
object_5: [0.880788,0.184528]
object_6: [0.665489,0.113276]
object_7: [0.894927,-0.0987299]
object_8: [0.742357,-0.15122]
object_9: [0.883192,-0.00764158]
object_10: [0.539911,-0.113433]
object_11: [0.433823,0.185743]
object_12: [0.425315,0.243197]
object_13: [0.846239,0.0750873]
object_14: [0.742779,-0.206601]
