num_objects: 15
object_0: [0.65,0]
object_1: [0.659601,-0.151286]
object_2: [0.714464,0.295768]
object_3: [0.516352,0.277169]
object_4: [0.519168,-0.108348]
object_5: [0.544877,-0.00876049]
object_6: [0.748284,0.111274]
object_7: [0.431511,-0.0417827]
object_8: [0.488139,-0.230157]
object_9: [0.519306,0.169662]
object_10: [0.600059,0.108483]
object_11: [0.426691,-0.240273]
object_12: [0.778567,0.0435502]
object_13: [0.573701,-0.0683633]
object_14: [0.682765,0.0480633]
