num_objects: 15
object_0: [0.65,0]
object_1: [0.802772,0.0288352]
object_2: [0.851887,0.120591]
object_3: [0.486111,0.299079]
object_4: [0.87685,-0.061475]
object_5: [0.410886,0.0929406]
object_6: [0.420437,-0.238623]
object_7: [0.894438,0.0738029]
object_8: [0.791929,0.288014]
object_9: [0.639107,0.142045]
object_10: [0.88253,-0.00762886]
object_11: [0.672198,0.246221]
object_12: [0.810136,-0.14366]
object_13: [0.584163,-0.155921]
object_14: [0.762788,-0.195678]
