num_objects: 15
object_0: [0.65,0]
object_1: [0.794095,0.0776098]
object_2: [0.837428,0.276248]
object_3: [0.713907,-0.0666163]
object_4: [0.615533,0.048908]
object_5: [0.793257,-0.0282975]
object_6: [0.518207,0.176786]
object_7: [0.457917,-0.133627]
object_8: [0.848469,-0.237174]
object_9: [0.850146,0.108477]
object_10: [0.442367,-0.0728961]
object_11: [0.608768,-0.270124]
object_12: [0.51125,-0.102907]
object_13: [0.651179,0.128632]
object_14: [0.7374,-0.176856]
