num_objects: 40
object_0: [0.65,0]
object_1: [0.480307,0.268848]
object_2: [0.561712,-0.189628]
object_3: [0.543386,-0.259294]
object_4: [0.801247,-0.221605]
object_5: [0.820489,-0.118294]
object_6: [0.666247,0.247722]
object_7: [0.781196,-0.0704332]
object_8: [0.858741,0.200393]
object_9: [0.403412,0.149923]
object_10: [0.820347,0.0856363]
object_11: [0.747917,0.0746674]
object_12: [0.418324,-0.256696]
object_13: [0.457191,-0.181642]
object_14: [0.410127,-0.0373159]
object_15: [0.590609,-0.115784]
object_16: [0.652825,-0.189774]
object_17: [0.52975,-0.150633]
object_18: [0.621754,-0.270643]
object_19: [0.869345,-0.224749]
object_20: [0.755675,0.285203]
object_21: [0.498795,0.19544]
object_22: [0.53177,0.0322909]
object_23: [0.662435,0.161514]
object_24: [0.866368,-0.0748088]
object_25: [0.42615,0.0937231]
object_26: [0.721665,-0.120892]
object_27: [0.592709,0.234514]
object_28: [0.861251,-0.276723]
object_29: [0.706883,-0.188375]
object_30: [0.677112,-0.279643]
object_31: [0.559728,0.299202]
object_32: [0.696537,0.0813073]
object_33: [0.868185,0.0104027]
object_34: [0.727988,-0.0120079]
object_35: [0.829562,0.154301]
object_36: [0.675519,-0.0519909]
object_37: [0.729661,0.198637]
object_38: [0.582947,0.131645]
object_39: [0.877591,-0.141027]
