num_objects: 40
object_0: [0.65,0]
object_1: [0.494252,0.0978973]
object_2: [0.528246,-0.261629]
object_3: [0.469581,0.251482]
object_4: [0.542831,0.0576803]
object_5: [0.854617,-0.177813]
object_6: [0.652652,0.0954296]
object_7: [0.578696,0.233996]
object_8: [0.721155,-0.217866]
object_9: [0.770261,0.0510977]
object_10: [0.892979,-0.125802]
object_11: [0.879225,-0.0628013]
object_12: [0.661023,-0.173488]
object_13: [0.409727,0.262499]
object_14: [0.874658,0.25973]
object_15: [0.468909,-0.115975]
object_16: [0.811438,0.168077]
object_17: [0.582645,-0.0422665]
object_18: [0.826864,-0.105756]
object_19: [0.887963,0.186081]
object_20: [0.72086,0.176004]
object_21: [0.717818,0.0841985]
object_22: [0.476872,-0.24881]
object_23: [0.472123,-0.196081]
object_24: [0.411408,-0.243863]
object_25: [0.646178,-0.116369]
object_26: [0.536713,-0.09235]
object_27: [0.887259,-0.263794]
object_28: [0.624972,0.0472474]
object_29: [0.750512,0.27862]
object_30: [0.700578,0.28467]
object_31: [0.555225,-0.161432]
object_32: [0.597665,0.122327]
object_33: [0.765045,-0.0780913]
object_34: [0.782111,0.10027]
object_35: [0.743267,-0.171501]
object_36: [0.522931,0.177937]
object_37: [0.430166,-0.0176154]
object_38: [0.81413,-0.00161801]
object_39: [0.638366,0.248974]
