num_objects: 40
object_0: [0.65,0]
object_1: [0.488301,0.173057]
object_2: [0.736344,0.185979]
object_3: [0.796641,-0.0300335]
object_4: [0.845171,0.283139]
object_5: [0.830074,-0.195925]
object_6: [0.644096,-0.144217]
object_7: [0.44449,-0.278808]
object_8: [0.602374,0.0731684]
object_9: [0.616534,-0.186652]
object_10: [0.423103,0.21417]
object_11: [0.816926,0.154389]
object_12: [0.538307,0.0880618]
object_13: [0.658619,-0.227487]
object_14: [0.747366,-0.270821]
object_15: [0.740649,0.0782052]
object_16: [0.820245,0.0429846]
object_17: [0.70112,0.120382]
object_18: [0.880138,0.200448]
object_19: [0.462876,-0.0809854]
object_20: [0.891825,-0.150226]
object_21: [0.423247,-0.143842]
object_22: [0.415324,-0.0237019]
object_23: [0.786219,0.294555]
object_24: [0.547289,0.238915]
object_25: [0.577974,0.150363]
object_26: [0.628506,0.245932]
object_27: [0.499533,-0.158107]
object_28: [0.648376,-0.288719]
object_29: [0.804645,0.226723]
object_30: [0.704963,-0.0470079]
object_31: [0.888424,-0.25657]
object_32: [0.508069,0.270504]
object_33: [0.596016,-0.05683]
object_34: [0.551737,-0.195657]
object_35: [0.441896,0.114032]
object_36: [0.716635,-0.130286]
object_37: [0.787239,-0.0973761]
object_38: [0.583899,0.297896]
object_39: [0.709703,-0.188548]
