num_objects: 40
object_0: [0.65,0]
object_1: [0.683335,-0.263237]
object_2: [0.712744,0.00373895]
object_3: [0.492742,0.263035]
object_4: [0.686077,0.0882866]
object_5: [0.524968,0.0105811]
object_6: [0.435769,-0.0106543]
object_7: [0.786859,0.0701464]
object_8: [0.659004,0.144965]
object_9: [0.879233,-0.254844]
object_10: [0.624391,0.23431]
object_11: [0.490934,0.0603275]
object_12: [0.766996,-0.288399]
object_13: [0.585423,-0.119603]
object_14: [0.440303,0.2978]
object_15: [0.803447,-0.140346]
object_16: [0.867363,-0.0725709]
object_17: [0.856617,-0.189204]
object_18: [0.848342,0.290863]
object_19: [0.700841,-0.189053]
object_20: [0.842305,0.0900019]
object_21: [0.46603,-0.0999645]
object_22: [0.810542,0.133433]
object_23: [0.770861,-0.237826]
object_24: [0.827869,0.193397]
object_25: [0.449978,0.0975784]
object_26: [0.444209,-0.279191]
object_27: [0.893212,0.231748]
object_28: [0.606349,-0.174219]
object_29: [0.570934,0.238362]
object_30: [0.626172,-0.0496025]
object_31: [0.519829,-0.133063]
object_32: [0.556455,-0.292565]
object_33: [0.609249,0.0357112]
object_34: [0.852129,-0.00620706]
object_35: [0.639346,-0.123677]
object_36: [0.7556,-0.0226267]
object_37: [0.766247,0.197442]
object_38: [0.423765,-0.205883]
object_39: [0.793069,0.296001]
