num_objects: 40
object_0: [0.65,0]
object_1: [0.808886,0.172308]
object_2: [0.472951,0.23432]
object_3: [0.809744,0.0247392]
object_4: [0.697206,0.0297466]
object_5: [0.85554,-0.0848192]
object_6: [0.508347,0.0585687]
object_7: [0.597088,0.223527]
object_8: [0.863748,-0.0272948]
object_9: [0.571593,0.153453]
object_10: [0.875906,-0.295477]
object_11: [0.42045,0.2953]
object_12: [0.413118,-0.190081]
object_13: [0.652266,-0.0959782]
object_14: [0.527496,0.206576]
object_15: [0.784223,-0.0594631]
object_16: [0.767414,0.0527594]
object_17: [0.625411,-0.143595]
object_18: [0.46661,0.146554]
object_19: [0.549753,-0.0141563]
object_20: [0.762055,0.148811]
object_21: [0.764641,-0.236875]
object_22: [0.44283,-0.0310615]
object_23: [0.729496,-0.166098]
object_24: [0.550719,-0.0918802]
object_25: [0.688687,0.151355]
object_26: [0.703771,-0.0635189]
object_27: [0.489657,-0.0650607]
object_28: [0.469792,-0.263095]
object_29: [0.727028,0.22132]
object_30: [0.483359,-0.150611]
object_31: [0.583297,0.103693]
object_32: [0.866447,0.171194]
object_33: [0.461987,-0.203686]
object_34: [0.604752,0.050074]
object_35: [0.881756,0.292943]
object_36: [0.417855,-0.249261]
object_37: [0.512981,0.12668]
object_38: [0.881966,0.109082]
object_39: [0.401344,0.0665185]
