num_objects: 40
object_0: [0.65,0]
object_1: [0.626904,0.261349]
object_2: [0.598094,-0.226455]
object_3: [0.442822,0.191949]
object_4: [0.869711,0.26209]
object_5: [0.444974,0.127617]
object_6: [0.548076,-0.0735232]
object_7: [0.643844,-0.100883]
object_8: [0.631013,0.128191]
object_9: [0.421498,0.281448]
object_10: [0.662103,-0.295844]
object_11: [0.725442,0.0161365]
object_12: [0.708895,-0.237185]
object_13: [0.513634,0.0288716]
object_14: [0.816947,-0.199986]
object_15: [0.557263,-0.00946868]
object_16: [0.493138,0.186215]
object_17: [0.703738,-0.134266]
object_18: [0.787837,0.191522]
object_19: [0.599443,-0.141982]
object_20: [0.888508,-0.183563]
object_21: [0.814996,0.000733146]
object_22: [0.889763,0.0141887]
object_23: [0.861752,-0.123569]
object_24: [0.403933,-0.234131]
object_25: [0.452205,0.0692055]
object_26: [0.593002,0.076477]
object_27: [0.848282,-0.0587649]
object_28: [0.795896,0.135933]
object_29: [0.503716,0.258838]
object_30: [0.572128,0.290294]
object_31: [0.703779,0.138156]
object_32: [0.84597,-0.26523]
object_33: [0.759521,-0.031516]
object_34: [0.851547,0.0733935]
object_35: [0.447362,-0.047546]
object_36: [0.762506,-0.130274]
object_37: [0.765175,0.0746777]
object_38: [0.473939,-0.280672]
object_39: [0.738581,-0.0773157]
