num_objects: 40
object_0: [0.65,0]
object_1: [0.748077,-0.0586952]
object_2: [0.823115,-0.0693799]
object_3: [0.420992,0.247564]
object_4: [0.677485,0.166184]
object_5: [0.666352,0.286431]
object_6: [0.607744,-0.222895]
object_7: [0.547964,0.0380191]
object_8: [0.48036,0.192942]
object_9: [0.802983,0.0682138]
object_10: [0.794392,-0.286377]
object_11: [0.498703,-0.0803392]
object_12: [0.805479,0.26481]
object_13: [0.556245,-0.171853]
object_14: [0.575437,0.10385]
object_15: [0.724566,0.243507]
object_16: [0.841614,0.219327]
object_17: [0.400363,-0.159074]
object_18: [0.565669,-0.0270078]
object_19: [0.865243,-0.214622]
object_20: [0.715208,0.125297]
object_21: [0.730744,0.0124272]
object_22: [0.737668,-0.124447]
object_23: [0.528618,-0.284274]
object_24: [0.89722,0.126111]
object_25: [0.872531,0.272618]
object_26: [0.792338,-0.178414]
object_27: [0.659373,-0.230391]
object_28: [0.63217,0.190134]
object_29: [0.686522,-0.0621631]
object_30: [0.51631,0.0967489]
object_31: [0.505839,0.00833669]
object_32: [0.51204,0.257643]
object_33: [0.500642,-0.198516]
object_34: [0.450987,-0.282351]
object_35: [0.441691,0.149332]
object_36: [0.45768,-0.0405681]
object_37: [0.658279,0.111987]
object_38: [0.890419,0.184677]
object_39: [0.553899,0.221625]
