num_objects: 40
object_0: [0.65,0]
object_1: [0.741552,0.253728]
object_2: [0.579829,-0.227809]
object_3: [0.741683,-0.0339301]
object_4: [0.805186,-0.110018]
object_5: [0.763153,0.142148]
object_6: [0.436157,-0.147167]
object_7: [0.480104,0.208076]
object_8: [0.515599,-0.0889266]
object_9: [0.891113,-0.0097372]
object_10: [0.580456,0.0381011]
object_11: [0.412269,0.279224]
object_12: [0.880934,-0.0617827]
object_13: [0.689045,0.0869822]
object_14: [0.559954,0.26265]
object_15: [0.782644,-0.298036]
object_16: [0.581114,-0.0163317]
object_17: [0.553223,0.104124]
object_18: [0.478656,0.0114667]
object_19: [0.826087,-0.19089]
object_20: [0.413413,-0.208633]
object_21: [0.445661,-0.0919598]
object_22: [0.616135,0.101951]
object_23: [0.689366,0.146906]
object_24: [0.812659,0.257743]
object_25: [0.645367,0.289578]
object_26: [0.624342,-0.0942554]
object_27: [0.48224,0.259901]
object_28: [0.886352,0.1432]
object_29: [0.626099,0.155832]
object_30: [0.583095,-0.281442]
object_31: [0.836981,0.000516937]
object_32: [0.434785,0.119568]
object_33: [0.851607,0.207833]
object_34: [0.692528,-0.184918]
object_35: [0.87005,-0.147372]
object_36: [0.789749,0.210317]
object_37: [0.674904,-0.0760281]
object_38: [0.604687,-0.16097]
object_39: [0.439053,-0.261187]
