num_objects: 40
object_0: [0.65,0]
object_1: [0.744056,0.28422]
object_2: [0.89416,0.216482]
object_3: [0.57056,0.121509]
object_4: [0.808375,-0.249286]
object_5: [0.450198,0.295395]
object_6: [0.466818,0.126897]
object_7: [0.731899,-0.17386]
object_8: [0.857037,-0.0504812]
object_9: [0.498551,-0.0535936]
object_10: [0.884602,-0.100515]
object_11: [0.555657,0.227164]
object_12: [0.699064,0.191294]
object_13: [0.793904,-0.128256]
object_14: [0.796262,0.165677]
object_15: [0.473522,-0.219814]
object_16: [0.639322,0.278276]
object_17: [0.509083,0.0474243]
object_18: [0.428864,-0.0143345]
object_19: [0.52043,-0.147102]
object_20: [0.843393,-0.173961]
object_21: [0.727956,-0.250885]
object_22: [0.604653,-0.147576]
object_23: [0.67014,0.115923]
object_24: [0.886622,0.112394]
object_25: [0.415464,0.0643409]
object_26: [0.513576,0.275312]
object_27: [0.47323,-0.129073]
object_28: [0.617481,-0.0676069]
object_29: [0.669854,-0.106951]
object_30: [0.412816,0.152979]
object_31: [0.550618,-0.0390377]
object_32: [0.404502,-0.17885]
object_33: [0.716026,0.0295708]
object_34: [0.847561,0.0631774]
object_35: [0.518304,0.133182]
object_36: [0.428592,0.232635]
object_37: [0.64748,-0.201719]
object_38: [0.545837,-0.204961]
object_39: [0.585813,0.0169691]
