num_objects: 40
object_0: [0.65,0]
object_1: [0.840185,-0.0427139]
object_2: [0.608004,0.0884126]
object_3: [0.658461,0.24658]
object_4: [0.805578,0.2559]
object_5: [0.716539,0.260287]
object_6: [0.493383,-0.0775235]
object_7: [0.883322,0.216287]
object_8: [0.574606,0.13606]
object_9: [0.67991,-0.250442]
object_10: [0.794063,0.116459]
object_11: [0.812492,-0.269159]
object_12: [0.630214,-0.230005]
object_13: [0.5049,0.199233]
object_14: [0.530433,-0.263432]
object_15: [0.768762,0.166673]
object_16: [0.885957,0.0292078]
object_17: [0.752144,0.0629958]
object_18: [0.522531,0.284352]
object_19: [0.706362,-0.0409027]
object_20: [0.572357,0.0476214]
object_21: [0.673112,0.0609049]
object_22: [0.472832,-0.296008]
object_23: [0.759083,-0.0867221]
object_24: [0.40048,-0.171404]
object_25: [0.784237,-0.152387]
object_26: [0.880284,0.282095]
object_27: [0.513443,-0.139977]
object_28: [0.580483,-0.0788957]
object_29: [0.831047,-0.171679]
object_30: [0.653106,-0.166371]
object_31: [0.786225,0.00430333]
object_32: [0.408497,0.280292]
object_33: [0.558272,0.227453]
object_34: [0.493406,-0.0033226]
object_35: [0.456489,0.106616]
object_36: [0.86978,-0.225472]
object_37: [0.63083,-0.113074]
object_38: [0.615235,0.20055]
object_39: [0.818733,0.16218]
