num_objects: 40
object_0: [0.65,0]
object_1: [0.561696,0.130705]
object_2: [0.522505,-0.220785]
object_3: [0.668847,0.289599]
object_4: [0.642828,0.0721632]
object_5: [0.645243,-0.248454]
object_6: [0.589407,0.267434]
object_7: [0.7439,0.251395]
object_8: [0.515984,-0.0244952]
object_9: [0.818517,0.0411075]
object_10: [0.816555,-0.0818234]
object_11: [0.557905,0.0647968]
object_12: [0.706107,-0.195372]
object_13: [0.555573,0.214334]
object_14: [0.819945,0.175237]
object_15: [0.634557,-0.101775]
object_16: [0.78346,0.00483915]
object_17: [0.412473,0.0623726]
object_18: [0.438289,-0.099275]
object_19: [0.698973,0.165743]
object_20: [0.88347,-0.030639]
object_21: [0.711658,0.108414]
object_22: [0.760891,0.299188]
object_23: [0.823287,0.229644]
object_24: [0.482762,0.0680967]
object_25: [0.595402,-0.185717]
object_26: [0.662506,0.129503]
object_27: [0.51858,-0.117758]
object_28: [0.776336,-0.298203]
object_29: [0.71362,-0.264936]
object_30: [0.892639,0.175659]
object_31: [0.735967,-0.0743503]
object_32: [0.891618,0.23363]
object_33: [0.438874,0.281155]
object_34: [0.487788,-0.270533]
object_35: [0.438299,0.193779]
object_36: [0.787006,0.122303]
object_37: [0.894045,-0.271234]
object_38: [0.499687,0.131712]
object_39: [0.579477,-0.133727]
