num_objects: 40
object_0: [0.65,0]
object_1: [0.809049,0.205628]
object_2: [0.661531,-0.173]
object_3: [0.792346,-0.200722]
object_4: [0.406211,0.100474]
object_5: [0.656067,0.218629]
object_6: [0.455262,0.132148]
object_7: [0.673152,-0.0632126]
object_8: [0.490313,0.230475]
object_9: [0.862037,0.288111]
object_10: [0.419685,-0.251972]
object_11: [0.832796,0.101746]
object_12: [0.522475,-0.0108735]
object_13: [0.567079,0.268836]
object_14: [0.557256,-0.208647]
object_15: [0.581961,0.0452798]
object_16: [0.401519,-0.0741931]
object_17: [0.520363,-0.0879318]
object_18: [0.517709,0.172218]
object_19: [0.774046,-0.050373]
object_20: [0.735578,0.264755]
object_21: [0.446801,-0.14618]
object_22: [0.543306,-0.268346]
object_23: [0.405154,0.237464]
object_24: [0.604271,-0.149379]
object_25: [0.524611,0.0863766]
object_26: [0.419033,0.298388]
object_27: [0.869286,-0.210307]
object_28: [0.459905,-0.292048]
object_29: [0.678975,-0.120746]
object_30: [0.879599,-0.0310314]
object_31: [0.653911,0.150116]
object_32: [0.701824,-0.263305]
object_33: [0.753092,0.160015]
object_34: [0.772209,0.0711234]
object_35: [0.435946,-0.0242714]
object_36: [0.825058,-0.297233]
object_37: [0.87382,0.0476518]
object_38: [0.795137,-0.110892]
object_39: [0.588169,-0.00603805]
