num_objects: 40
object_0: [0.65,0]
object_1: [0.427217,-0.0105418]
object_2: [0.849965,0.140591]
object_3: [0.804275,0.171066]
object_4: [0.465238,0.0947089]
object_5: [0.490053,0.197267]
object_6: [0.47784,0.293084]
object_7: [0.885358,-0.154419]
object_8: [0.638437,-0.0690671]
object_9: [0.768991,0.0203897]
object_10: [0.617878,0.0701715]
object_11: [0.528731,0.0878631]
object_12: [0.694679,-0.112862]
object_13: [0.423108,0.262451]
object_14: [0.5372,-0.0138663]
object_15: [0.516828,-0.271693]
object_16: [0.872617,-0.29618]
object_17: [0.498312,-0.0467344]
object_18: [0.595628,0.260763]
object_19: [0.878046,0.196207]
object_20: [0.599624,0.185412]
object_21: [0.460458,-0.179409]
object_22: [0.638948,-0.199722]
object_23: [0.469202,0.151377]
object_24: [0.72201,0.0717137]
object_25: [0.812968,0.104008]
object_26: [0.713668,0.135238]
object_27: [0.779281,-0.237841]
object_28: [0.443112,-0.113928]
object_29: [0.801189,0.271184]
object_30: [0.680153,0.216865]
object_31: [0.6572,-0.280542]
object_32: [0.778914,-0.068734]
object_33: [0.404466,0.138527]
object_34: [0.508175,-0.207891]
object_35: [0.841382,-0.0919976]
object_36: [0.82598,-0.0341587]
object_37: [0.520376,0.243569]
object_38: [0.715103,-0.201058]
object_39: [0.751556,0.199581]
