num_objects: 40
object_0: [0.65,0]
object_1: [0.829184,0.200201]
object_2: [0.475098,-0.190959]
object_3: [0.50815,0.275431]
object_4: [0.682555,-0.178965]
object_5: [0.646702,-0.238826]
object_6: [0.830513,-0.0965383]
object_7: [0.52732,0.175842]
object_8: [0.468467,-0.0406359]
object_9: [0.628804,0.158303]
object_10: [0.891127,0.012831]
object_11: [0.591458,-0.121549]
object_12: [0.57513,-0.198568]
object_13: [0.401361,-0.0354307]
object_14: [0.739522,0.063998]
object_15: [0.804194,0.0722348]
object_16: [0.750787,-0.175718]
object_17: [0.706787,0.273728]
object_18: [0.400103,0.150306]
object_19: [0.594244,-0.0253113]
object_20: [0.406806,-0.134602]
object_21: [0.684763,0.145418]
object_22: [0.624459,-0.0732517]
object_23: [0.581377,0.177018]
object_24: [0.726193,-0.261403]
object_25: [0.410271,-0.298577]
object_26: [0.41371,0.24892]
object_27: [0.7143,0.192863]
object_28: [0.539369,-0.256009]
object_29: [0.80705,-0.218321]
object_30: [0.718347,-0.0698252]
object_31: [0.552789,0.229685]
object_32: [0.84259,0.117813]
object_33: [0.767575,-0.0927801]
object_34: [0.513587,0.0818432]
object_35: [0.675636,-0.103859]
object_36: [0.438016,0.198006]
object_37: [0.60011,0.289345]
object_38: [0.839486,0.261362]
object_39: [0.488426,-0.289726]
