num_objects: 40
object_0: [0.65,0]
object_1: [0.681999,-0.288831]
object_2: [0.628713,0.257935]
object_3: [0.769012,-0.22207]
object_4: [0.477455,-0.171239]
object_5: [0.57669,0.175966]
object_6: [0.836122,0.216302]
object_7: [0.795632,0.285012]
object_8: [0.840718,0.0584388]
object_9: [0.768559,0.140058]
object_10: [0.514544,-0.244461]
object_11: [0.678505,0.29739]
object_12: [0.580402,-0.0698652]
object_13: [0.455323,-0.0840478]
object_14: [0.5115,0.104787]
object_15: [0.589268,0.108255]
object_16: [0.702269,-0.230064]
object_17: [0.565581,-0.201786]
object_18: [0.676362,0.188062]
object_19: [0.768986,-0.0450193]
object_20: [0.73697,0.0175426]
object_21: [0.599994,0.033225]
object_22: [0.514836,0.207489]
object_23: [0.674259,-0.095988]
object_24: [0.458016,0.162911]
object_25: [0.407332,-0.00325937]
object_26: [0.705564,-0.142648]
object_27: [0.89252,0.191874]
object_28: [0.846718,-0.135693]
object_29: [0.459831,0.0161313]
object_30: [0.541498,-0.142738]
object_31: [0.41681,0.122232]
object_32: [0.846798,-0.00866104]
object_33: [0.623507,-0.195743]
object_34: [0.568839,0.293573]
object_35: [0.772809,0.0704674]
object_36: [0.845646,-0.28432]
object_37: [0.781081,-0.293429]
object_38: [0.541558,0.00977671]
object_39: [0.665697,0.0582018]
