num_objects: 35
object_0: [0.65,0]
object_1: [0.470268,0.0350077]
object_2: [0.433319,-0.011262]
object_3: [0.805585,-0.292655]
object_4: [0.764357,0.0871849]
object_5: [0.516199,0.173124]
object_6: [0.70598,-0.262388]
object_7: [0.819485,0.00447943]
object_8: [0.872228,-0.280299]
object_9: [0.60848,-0.0502196]
object_10: [0.579517,-0.225481]
object_11: [0.443101,0.0817899]
object_12: [0.721796,0.00193887]
object_13: [0.868936,-0.0271424]
object_14: [0.657736,0.0999509]
object_15: [0.450035,0.148723]
object_16: [0.805279,-0.123543]
object_17: [0.563465,0.0818729]
object_18: [0.485658,-0.0605091]
object_19: [0.661675,-0.221256]
object_20: [0.523795,-0.249802]
object_21: [0.670153,-0.0668116]
object_22: [0.821705,0.121732]
object_23: [0.472381,0.266088]
object_24: [0.625379,0.0599329]
object_25: [0.727755,-0.14321]
object_26: [0.846992,0.225004]
object_27: [0.408165,-0.167452]
object_28: [0.710033,0.0913038]
object_29: [0.758997,-0.213951]
object_30: [0.776484,0.0305826]
object_31: [0.4339,0.223292]
object_32: [0.726559,0.246726]
object_33: [0.68752,0.178729]
object_34: [0.598885,0.00612088]
