num_objects: 35
object_0: [0.65,0]
object_1: [0.629947,-0.173817]
object_2: [0.689831,-0.186127]
object_3: [0.801565,-0.0907437]
object_4: [0.675763,0.135005]
object_5: [0.554222,-0.286959]
object_6: [0.893577,-0.188103]
object_7: [0.408232,0.0328693]
object_8: [0.550377,-0.157643]
object_9: [0.756553,-0.28428]
object_10: [0.442407,-0.0430698]
object_11: [0.723606,-0.235378]
object_12: [0.435823,-0.266705]
object_13: [0.688303,0.208094]
object_14: [0.617876,-0.2781]
object_15: [0.513144,-0.0284106]
object_16: [0.800705,0.197403]
object_17: [0.777214,-0.234088]
object_18: [0.82537,0.144949]
object_19: [0.548175,0.220323]
object_20: [0.548182,0.0582617]
object_21: [0.452233,0.0887712]
object_22: [0.737076,0.125223]
object_23: [0.522895,-0.107182]
object_24: [0.588428,-0.0641911]
object_25: [0.48213,0.187565]
object_26: [0.81401,0.0934825]
object_27: [0.742612,-0.0147319]
object_28: [0.867254,-0.0362094]
object_29: [0.410386,-0.118815]
object_30: [0.453046,-0.18156]
object_31: [0.760596,0.2686]
object_32: [0.807523,0.019525]
object_33: [0.480149,0.243396]
object_34: [0.664382,0.0607472]
