num_objects: 35
object_0: [0.65,0]
object_1: [0.543557,-0.124948]
object_2: [0.656333,0.238001]
object_3: [0.645545,-0.220361]
object_4: [0.674421,-0.174549]
object_5: [0.641688,-0.282531]
object_6: [0.841613,-0.0495154]
object_7: [0.414836,0.0107169]
object_8: [0.448314,0.128646]
object_9: [0.746401,-0.201343]
object_10: [0.693282,-0.0924475]
object_11: [0.437819,-0.203039]
object_12: [0.471901,0.258197]
object_13: [0.4937,0.0249426]
object_14: [0.816662,0.195443]
object_15: [0.788979,-0.0924057]
object_16: [0.761203,-0.138572]
object_17: [0.639361,-0.137251]
object_18: [0.639066,0.152922]
object_19: [0.701752,0.276905]
object_20: [0.791992,-0.00796178]
object_21: [0.589491,0.188193]
object_22: [0.538116,-0.18773]
object_23: [0.723002,-0.0218214]
object_24: [0.764344,-0.24808]
object_25: [0.869072,0.0372072]
object_26: [0.856136,0.129661]
object_27: [0.892574,-0.0679649]
object_28: [0.89808,0.182262]
object_29: [0.769617,-0.299549]
object_30: [0.749073,0.25165]
object_31: [0.717545,0.0948969]
object_32: [0.86429,-0.131343]
object_33: [0.583814,-0.264038]
object_34: [0.512233,0.093361]
