num_objects: 35
object_0: [0.65,0]
object_1: [0.686251,-0.222806]
object_2: [0.772308,-0.0447374]
object_3: [0.856079,0.187837]
object_4: [0.897929,-0.155259]
object_5: [0.793417,-0.277706]
object_6: [0.565366,0.183966]
object_7: [0.557744,-0.238518]
object_8: [0.486205,0.184193]
object_9: [0.527663,0.281076]
object_10: [0.597048,-0.127087]
object_11: [0.738007,0.110598]
object_12: [0.774433,-0.13746]
object_13: [0.581166,0.0214203]
object_14: [0.554028,-0.0974101]
object_15: [0.556679,0.0832736]
object_16: [0.472129,0.077308]
object_17: [0.617918,0.297951]
object_18: [0.717493,-0.163307]
object_19: [0.856076,-0.234201]
object_20: [0.879634,0.0601335]
object_21: [0.419573,-0.159415]
object_22: [0.76066,0.172807]
object_23: [0.610652,0.0822416]
object_24: [0.532958,-0.184012]
object_25: [0.841116,0.121051]
object_26: [0.761858,-0.199999]
object_27: [0.751246,0.0337675]
object_28: [0.732972,0.221371]
object_29: [0.634587,0.154278]
object_30: [0.82976,-0.185703]
object_31: [0.672571,-0.0811627]
object_32: [0.636795,-0.292043]
object_33: [0.555302,-0.296837]
object_34: [0.840878,0.29264]
