num_objects: 35
object_0: [0.65,0]
object_1: [0.727155,-0.227913]
object_2: [0.44125,-0.258757]
object_3: [0.561499,-0.216744]
object_4: [0.799773,-0.189962]
object_5: [0.609399,-0.20163]
object_6: [0.522509,0.048135]
object_7: [0.762339,-0.0127035]
object_8: [0.854737,0.0965034]
object_9: [0.57314,-0.0461161]
object_10: [0.823889,0.146929]
object_11: [0.419965,0.0401786]
object_12: [0.718843,-0.0915002]
object_13: [0.513959,-0.116228]
object_14: [0.594727,0.0305497]
object_15: [0.767156,0.218306]
object_16: [0.89743,0.0587815]
object_17: [0.438398,0.123261]
object_18: [0.500355,0.135994]
object_19: [0.86376,-0.270907]
object_20: [0.635769,0.28047]
object_21: [0.707727,0.285845]
object_22: [0.642496,0.228271]
object_23: [0.857211,0.224407]
object_24: [0.803202,0.0892409]
object_25: [0.582935,0.199578]
object_26: [0.679643,-0.140388]
object_27: [0.707534,-0.281506]
object_28: [0.820569,-0.0966448]
object_29: [0.878165,-0.0475508]
object_30: [0.434742,0.229181]
object_31: [0.707342,0.107649]
object_32: [0.644839,-0.0890847]
object_33: [0.434993,-0.00995981]
object_34: [0.503655,-0.0219114]
