num_objects: 35
object_0: [0.65,0]
object_1: [0.685122,0.193197]
object_2: [0.471448,-0.20122]
object_3: [0.844467,0.0938592]
object_4: [0.462446,0.173101]
object_5: [0.654234,0.0910371]
object_6: [0.523678,0.0759151]
object_7: [0.796817,0.142221]
object_8: [0.889025,-0.200363]
object_9: [0.516973,-0.271178]
object_10: [0.724731,0.224206]
object_11: [0.879581,-0.0169279]
object_12: [0.409867,-0.215767]
object_13: [0.632865,0.1751]
object_14: [0.527657,0.175843]
object_15: [0.647517,-0.0610738]
object_16: [0.878853,-0.0696193]
object_17: [0.486235,0.0378666]
object_18: [0.767163,-0.048104]
object_19: [0.507862,-0.0939111]
object_20: [0.532242,-0.195069]
object_21: [0.807634,-0.129469]
object_22: [0.828772,-0.243849]
object_23: [0.627021,-0.232285]
object_24: [0.843329,0.269446]
object_25: [0.566522,0.0394269]
object_26: [0.464411,0.0967705]
object_27: [0.643073,0.229958]
object_28: [0.453862,0.235483]
object_29: [0.701095,-0.00326279]
object_30: [0.588913,0.117158]
object_31: [0.795103,0.0627424]
object_32: [0.573472,0.199212]
object_33: [0.759789,-0.1002]
object_34: [0.593451,0.253673]
