num_objects: 35
object_0: [0.65,0]
object_1: [0.540093,0.144765]
object_2: [0.489114,0.195196]
object_3: [0.453002,-0.0285751]
object_4: [0.74709,-0.129601]
object_5: [0.473913,-0.179939]
object_6: [0.857024,-0.054697]
object_7: [0.88597,0.142447]
object_8: [0.775337,0.217612]
object_9: [0.6254,-0.156836]
object_10: [0.848504,0.0736436]
object_11: [0.536173,-0.159539]
object_12: [0.778579,0.0755457]
object_13: [0.789319,-0.277593]
object_14: [0.583592,0.274119]
object_15: [0.60462,0.0341109]
object_16: [0.782646,0.0121846]
object_17: [0.467678,-0.246089]
object_18: [0.423358,0.130941]
object_19: [0.406511,-0.280776]
object_20: [0.648456,0.261213]
object_21: [0.886061,0.226551]
object_22: [0.680288,-0.0779706]
object_23: [0.498504,0.252335]
object_24: [0.615002,0.0840348]
object_25: [0.438144,0.039216]
object_26: [0.725043,-0.273822]
object_27: [0.878606,-0.191579]
object_28: [0.72675,0.279375]
object_29: [0.699513,-0.171555]
object_30: [0.735109,0.132855]
object_31: [0.799444,0.142871]
object_32: [0.888118,-0.101184]
object_33: [0.769498,-0.17954]
object_34: [0.85854,-0.279722]
