num_objects: 35
object_0: [0.65,0]
object_1: [0.55286,0.155838]
object_2: [0.829696,-0.138284]
object_3: [0.485964,0.299514]
object_4: [0.842893,-0.262965]
object_5: [0.708869,-0.144623]
object_6: [0.438535,-0.096641]
object_7: [0.503314,0.23527]
object_8: [0.835737,0.284744]
object_9: [0.506421,-0.247279]
object_10: [0.403409,0.20652]
object_11: [0.809434,0.233957]
object_12: [0.690825,0.148359]
object_13: [0.408545,-0.233752]
object_14: [0.574256,-0.106314]
object_15: [0.696168,-0.274757]
object_16: [0.503547,-0.0131274]
object_17: [0.768541,-0.19148]
object_18: [0.436491,-0.278858]
object_19: [0.481734,-0.132089]
object_20: [0.843193,-0.197828]
object_21: [0.462026,0.123152]
object_22: [0.626259,-0.253617]
object_23: [0.808058,0.180618]
object_24: [0.600057,0.111756]
object_25: [0.404467,0.29547]
object_26: [0.635286,0.199278]
object_27: [0.420429,-0.175408]
object_28: [0.893595,-0.115879]
object_29: [0.629901,-0.071305]
object_30: [0.608237,0.247392]
object_31: [0.629232,-0.160445]
object_32: [0.756675,0.215146]
object_33: [0.859426,0.13337]
object_34: [0.825514,0.0883107]
