num_objects: 35
object_0: [0.65,0]
object_1: [0.70289,-0.223658]
object_2: [0.611292,0.253418]
object_3: [0.500184,0.226178]
object_4: [0.790629,-0.238522]
object_5: [0.691045,-0.0744482]
object_6: [0.426893,-0.0320494]
object_7: [0.836194,0.0513091]
object_8: [0.432592,0.140482]
object_9: [0.550592,0.0189896]
object_10: [0.813476,-0.104265]
object_11: [0.433267,-0.292919]
object_12: [0.463064,0.0578567]
object_13: [0.872859,0.161791]
object_14: [0.521287,-0.246104]
object_15: [0.742171,0.0990951]
object_16: [0.406095,0.230826]
object_17: [0.671061,0.17607]
object_18: [0.893587,-0.225473]
object_19: [0.484684,-0.108166]
object_20: [0.407891,-0.166107]
object_21: [0.783154,0.232902]
object_22: [0.581571,-0.0304448]
object_23: [0.519794,0.0673008]
object_24: [0.758332,0.180463]
object_25: [0.840721,-0.208355]
object_26: [0.757473,-0.146069]
object_27: [0.783352,0.127897]
object_28: [0.889425,0.236593]
object_29: [0.607214,0.0290732]
object_30: [0.879726,-0.147444]
object_31: [0.582202,-0.121183]
object_32: [0.6929,0.111264]
object_33: [0.897779,-0.0884974]
object_34: [0.638806,0.118821]
