num_objects: 35
object_0: [0.65,0]
object_1: [0.869154,-0.107041]
object_2: [0.639657,0.2875]
object_3: [0.491895,0.108369]
object_4: [0.689145,-0.0458109]
object_5: [0.775131,0.0392876]
object_6: [0.758068,-0.109658]
object_7: [0.586486,-0.277752]
object_8: [0.414004,0.199664]
object_9: [0.609119,-0.03331]
object_10: [0.772547,0.226021]
object_11: [0.738537,-0.0249345]
object_12: [0.490362,0.0517836]
object_13: [0.521555,-0.22858]
object_14: [0.853952,0.133455]
object_15: [0.449101,-0.0377056]
object_16: [0.507368,-0.130806]
object_17: [0.458887,0.175816]
object_18: [0.64323,-0.255215]
object_19: [0.512942,-0.0376211]
object_20: [0.60333,0.241775]
object_21: [0.84787,-0.214837]
object_22: [0.764122,0.145197]
object_23: [0.63221,-0.12378]
object_24: [0.436653,0.107494]
object_25: [0.687845,-0.185352]
object_26: [0.852664,-0.0174738]
object_27: [0.653358,0.194311]
object_28: [0.711,0.121329]
object_29: [0.897958,0.0199848]
object_30: [0.434223,0.0422527]
object_31: [0.564538,0.284264]
object_32: [0.416431,-0.118341]
object_33: [0.605479,0.0929168]
object_34: [0.770641,-0.299463]
