num_objects: 35
object_0: [0.65,0]
object_1: [0.827539,-0.0649154]
object_2: [0.811145,0.096086]
object_3: [0.712853,-0.218536]
object_4: [0.881088,0.227778]
object_5: [0.455473,-0.0187445]
object_6: [0.414831,0.147959]
object_7: [0.839913,-0.179356]
object_8: [0.6404,0.23631]
object_9: [0.687855,0.0971659]
object_10: [0.650279,-0.132108]
object_11: [0.817207,0.041337]
object_12: [0.75958,-0.18511]
object_13: [0.890701,0.132805]
object_14: [0.590742,0.124339]
object_15: [0.869732,-0.093803]
object_16: [0.69343,0.25367]
object_17: [0.490954,0.118685]
object_18: [0.595771,-0.173059]
object_19: [0.482609,0.293011]
object_20: [0.534086,-0.0470626]
object_21: [0.517336,-0.198005]
object_22: [0.580737,0.211171]
object_23: [0.721775,-0.094274]
object_24: [0.616153,-0.24838]
object_25: [0.54922,-0.2885]
object_26: [0.404408,-0.0117913]
object_27: [0.758488,-0.0597858]
object_28: [0.443294,0.202165]
object_29: [0.74561,0.23553]
object_30: [0.517713,0.00373988]
object_31: [0.429922,-0.0708034]
object_32: [0.634013,0.155671]
object_33: [0.8386,0.25903]
object_34: [0.594837,0.029354]
