num_objects: 35
object_0: [0.65,0]
object_1: [0.537764,0.263816]
object_2: [0.683239,0.270229]
object_3: [0.545575,-0.0856633]
object_4: [0.42762,-0.1304]
object_5: [0.512133,0.135274]
object_6: [0.402046,-0.286108]
object_7: [0.636064,-0.152807]
object_8: [0.516387,0.207765]
object_9: [0.801809,-0.174593]
object_10: [0.488817,0.0255677]
object_11: [0.865072,0.283941]
object_12: [0.82661,0.208334]
object_13: [0.403515,-0.22275]
object_14: [0.793458,0.0441054]
object_15: [0.865368,-0.219378]
object_16: [0.580366,-0.206999]
object_17: [0.829914,-0.081106]
object_18: [0.489078,-0.105959]
object_19: [0.833483,0.0901704]
object_20: [0.684362,-0.240156]
object_21: [0.64828,-0.0765952]
object_22: [0.554376,0.104516]
object_23: [0.425258,0.198886]
object_24: [0.739349,-0.197802]
object_25: [0.416243,-0.0206317]
object_26: [0.67184,0.104746]
object_27: [0.814789,-0.23651]
object_28: [0.534617,-0.295359]
object_29: [0.729009,0.298765]
object_30: [0.51797,-0.207253]
object_31: [0.585142,0.0268157]
object_32: [0.508738,-0.155833]
object_33: [0.58079,-0.150257]
object_34: [0.476992,-0.265843]
