num_objects: 35
object_0: [0.65,0]
object_1: [0.756693,-0.0460692]
object_2: [0.432331,-0.214438]
object_3: [0.679709,0.133608]
object_4: [0.470273,0.177216]
object_5: [0.838629,0.00649763]
object_6: [0.570026,0.123618]
object_7: [0.798034,0.0619648]
object_8: [0.618067,-0.137178]
object_9: [0.858507,0.298628]
object_10: [0.854987,-0.219306]
object_11: [0.518996,0.131344]
object_12: [0.592226,0.266331]
object_13: [0.496728,-0.000582882]
object_14: [0.576801,-0.0915363]
object_15: [0.677978,-0.259807]
object_16: [0.504796,-0.101955]
object_17: [0.462717,-0.167666]
object_18: [0.863293,0.0942202]
object_19: [0.434381,-0.0823683]
object_20: [0.580217,0.203026]
object_21: [0.460132,0.0590551]
object_22: [0.671155,0.197378]
object_23: [0.563996,0.0626108]
object_24: [0.441603,0.230369]
object_25: [0.735669,0.212318]
object_26: [0.78743,0.297004]
object_27: [0.814699,0.130896]
object_28: [0.657924,0.269797]
object_29: [0.558292,-0.256121]
object_30: [0.69733,-0.161948]
object_31: [0.457017,0.288491]
object_32: [0.665865,0.0711601]
object_33: [0.412521,0.0209314]
object_34: [0.705694,-0.0162466]
