num_objects: 35
object_0: [0.65,0]
object_1: [0.572219,0.0250869]
object_2: [0.812771,0.223285]
object_3: [0.749598,-0.0433603]
object_4: [0.583352,0.25287]
object_5: [0.658034,0.146718]
object_6: [0.708357,-0.116235]
object_7: [0.57455,-0.270316]
object_8: [0.886617,0.297411]
object_9: [0.651973,0.199334]
object_10: [0.491946,0.254002]
object_11: [0.533638,-0.0662372]
object_12: [0.67929,0.0925071]
object_13: [0.631083,-0.28708]
object_14: [0.775679,-0.203182]
object_15: [0.624633,-0.229162]
object_16: [0.441406,0.279201]
object_17: [0.831296,0.119715]
object_18: [0.535804,-0.172985]
object_19: [0.7745,-0.153094]
object_20: [0.451918,0.144787]
object_21: [0.61347,-0.127363]
object_22: [0.732324,0.116529]
object_23: [0.463124,0.0266302]
object_24: [0.834471,0.0530487]
object_25: [0.774889,-0.290891]
object_26: [0.890258,0.0605738]
object_27: [0.666058,-0.148725]
object_28: [0.895663,-0.0230236]
object_29: [0.556742,-0.11878]
object_30: [0.526962,0.208527]
object_31: [0.838035,-0.161209]
object_32: [0.407012,-0.075218]
object_33: [0.434168,0.0731992]
object_34: [0.885279,0.173951]
