num_objects: 35
object_0: [0.65,0]
object_1: [0.564967,0.0895529]
object_2: [0.69059,-0.104344]
object_3: [0.626513,-0.107751]
object_4: [0.693858,-0.285004]
object_5: [0.725911,0.281788]
object_6: [0.783227,-0.127853]
object_7: [0.713904,0.11702]
object_8: [0.576151,0.261381]
object_9: [0.804768,0.0429481]
object_10: [0.507767,0.0513446]
object_11: [0.749431,-0.221934]
object_12: [0.57338,-0.172279]
object_13: [0.875307,0.0427361]
object_14: [0.834235,-0.131672]
object_15: [0.510241,-0.0302094]
object_16: [0.785033,0.260092]
object_17: [0.879239,-0.26536]
object_18: [0.752419,0.163361]
object_19: [0.571924,-0.261708]
object_20: [0.449975,-0.274374]
object_21: [0.52779,-0.213274]
object_22: [0.408968,-0.22557]
object_23: [0.882608,-0.109298]
object_24: [0.820432,-0.0113072]
object_25: [0.513712,0.143343]
object_26: [0.841724,0.160815]
object_27: [0.527524,0.226684]
object_28: [0.873201,0.278917]
object_29: [0.623008,-0.220951]
object_30: [0.741203,0.0680051]
object_31: [0.683814,-0.231445]
object_32: [0.763017,-0.0144926]
object_33: [0.411444,0.0860575]
object_34: [0.787589,-0.0718446]
