num_objects: 20
object_0: [0.65,0]
object_1: [0.475718,-0.22846]
object_2: [0.593842,0.0668108]
object_3: [0.495948,0.118825]
object_4: [0.852354,-0.191113]
object_5: [0.545016,0.233827]
object_6: [0.868931,0.280934]
object_7: [0.446851,0.0851213]
object_8: [0.452211,0.195972]
object_9: [0.481558,-0.00347973]
object_10: [0.635929,-0.237909]
object_11: [0.787319,-0.140886]
object_12: [0.827673,0.00734749]
object_13: [0.543927,-0.298976]
object_14: [0.42532,-0.112299]
object_15: [0.493873,0.273208]
object_16: [0.623001,0.263256]
object_17: [0.437022,0.0302535]
object_18: [0.651214,-0.0896315]
object_19: [0.730229,-0.0853358]
