num_objects: 20
object_0: [0.65,0]
object_1: [0.858354,-0.107185]
object_2: [0.735293,-0.17457]
object_3: [0.705459,-0.0448769]
object_4: [0.45708,0.249598]
object_5: [0.833696,-0.00678013]
object_6: [0.454854,-0.22854]
object_7: [0.627867,-0.101812]
object_8: [0.842662,-0.186215]
object_9: [0.866716,0.223103]
object_10: [0.624368,0.0937719]
object_11: [0.609066,-0.195119]
object_12: [0.550656,-0.174392]
object_13: [0.406307,-0.0569568]
object_14: [0.79033,0.257593]
object_15: [0.763215,-0.029252]
object_16: [0.469186,-0.0975913]
object_17: [0.526672,0.146306]
object_18: [0.770616,-0.082168]
object_19: [0.831472,0.0610195]
