num_objects: 20
object_0: [0.65,0]
object_1: [0.856159,-0.0485273]
object_2: [0.845329,-0.211142]
object_3: [0.883058,0.171674]
object_4: [0.798412,0.0574753]
object_5: [0.863445,0.116177]
object_6: [0.536665,-0.195835]
object_7: [0.739553,-0.0745034]
object_8: [0.629958,-0.256403]
object_9: [0.555179,-0.123987]
object_10: [0.894792,0.055194]
object_11: [0.739096,-0.177606]
object_12: [0.76646,0.0127484]
object_13: [0.59489,0.0871419]
object_14: [0.870184,-0.131738]
object_15: [0.796666,0.243891]
object_16: [0.43328,0.0540934]
object_17: [0.651138,0.29607]
object_18: [0.541892,0.165364]
object_19: [0.483529,0.277734]
