num_objects: 20
object_0: [0.65,0]
object_1: [0.875184,0.273578]
object_2: [0.404941,0.120657]
object_3: [0.400071,0.287439]
object_4: [0.612492,-0.0334266]
object_5: [0.861085,-0.153046]
object_6: [0.455873,-0.0247593]
object_7: [0.790048,-0.252662]
object_8: [0.508799,-0.240435]
object_9: [0.546171,-0.126265]
object_10: [0.777309,0.243066]
object_11: [0.55254,-0.0346878]
object_12: [0.58727,-0.183773]
object_13: [0.624972,-0.0980198]
object_14: [0.766954,-0.0478713]
object_15: [0.540817,0.146274]
object_16: [0.460655,-0.130933]
object_17: [0.761427,0.027776]
object_18: [0.763033,0.0870153]
object_19: [0.45188,0.0427876]
