num_objects: 20
object_0: [0.65,0]
object_1: [0.83143,-0.00293673]
object_2: [0.648452,-0.209572]
object_3: [0.648406,0.0593547]
object_4: [0.444314,0.0843848]
object_5: [0.865293,-0.134175]
object_6: [0.697994,-0.0450595]
object_7: [0.777077,-0.0353719]
object_8: [0.828538,-0.179907]
object_9: [0.589904,0.258672]
object_10: [0.775288,-0.212887]
object_11: [0.48414,0.17712]
object_12: [0.591213,0.00535525]
object_13: [0.70723,0.230913]
object_14: [0.521314,0.13344]
object_15: [0.785011,0.143719]
object_16: [0.520037,-0.0254319]
object_17: [0.470395,-0.24171]
object_18: [0.728884,0.0123587]
object_19: [0.414135,-0.0549931]
