num_objects: 20
object_0: [0.65,0]
object_1: [0.813807,0.224246]
object_2: [0.402731,-0.0528515]
object_3: [0.68262,0.198567]
object_4: [0.489769,-0.0694917]
object_5: [0.754065,-0.173325]
object_6: [0.57055,0.0593606]
object_7: [0.476157,0.0361604]
object_8: [0.538751,-0.20476]
object_9: [0.828267,-0.125499]
object_10: [0.468784,0.292146]
object_11: [0.817565,0.279109]
object_12: [0.588548,-0.0444635]
object_13: [0.735769,0.0339803]
object_14: [0.805037,-0.0721989]
object_15: [0.734563,-0.101431]
object_16: [0.744394,-0.0457385]
object_17: [0.436722,0.13936]
object_18: [0.606474,-0.250391]
object_19: [0.52265,-0.151153]
