num_objects: 20
object_0: [0.65,0]
object_1: [0.680058,-0.0814999]
object_2: [0.899208,0.284328]
object_3: [0.4215,0.21997]
object_4: [0.532048,0.28462]
object_5: [0.89408,-0.121107]
object_6: [0.723482,-0.0163446]
object_7: [0.840031,-0.0534964]
object_8: [0.463787,-0.242763]
object_9: [0.542857,-0.119644]
object_10: [0.629829,0.239854]
object_11: [0.682192,0.22524]
object_12: [0.456162,-0.163485]
object_13: [0.747544,-0.28013]
object_14: [0.550099,0.116102]
object_15: [0.403499,-0.0940817]
object_16: [0.68006,-0.137344]
object_17: [0.558782,0.0289682]
object_18: [0.684624,0.278717]
object_19: [0.41052,0.158644]
