num_objects: 20
object_0: [0.65,0]
object_1: [0.423931,-0.236428]
object_2: [0.444336,-0.0450252]
object_3: [0.665924,0.156126]
object_4: [0.890796,-0.0948469]
object_5: [0.469939,0.14961]
object_6: [0.798216,-0.0623601]
object_7: [0.829105,0.209927]
object_8: [0.802285,0.0164015]
object_9: [0.490413,-0.0769167]
object_10: [0.554972,0.221769]
object_11: [0.700941,0.0822457]
object_12: [0.517889,0.0281969]
object_13: [0.847733,0.0892362]
object_14: [0.714838,-0.21554]
object_15: [0.523359,0.291286]
object_16: [0.772843,-0.249547]
object_17: [0.460244,0.231339]
object_18: [0.540816,0.114989]
object_19: [0.80862,-0.147851]
