num_objects: 20
object_0: [0.65,0]
object_1: [0.861353,-0.108793]
object_2: [0.866007,0.184817]
object_3: [0.65416,0.109525]
object_4: [0.887494,-0.0349491]
object_5: [0.67719,-0.0457664]
object_6: [0.449019,0.283506]
object_7: [0.490929,0.0666833]
object_8: [0.802211,0.27751]
object_9: [0.865683,-0.227073]
object_10: [0.41703,0.103559]
object_11: [0.642299,0.238202]
object_12: [0.537149,-0.0556178]
object_13: [0.507841,-0.176213]
object_14: [0.507666,0.134401]
object_15: [0.482876,-0.0340608]
object_16: [0.707021,-0.141726]
object_17: [0.607871,-0.17246]
object_18: [0.73157,0.0585599]
object_19: [0.811853,-0.0194623]
