num_objects: 20
object_0: [0.65,0]
object_1: [0.842895,0.240661]
object_2: [0.487623,-0.291982]
object_3: [0.898249,-0.113948]
object_4: [0.414895,-0.130673]
object_5: [0.70534,-0.00633081]
object_6: [0.490985,-0.194962]
object_7: [0.582425,-0.123424]
object_8: [0.601294,0.20271]
object_9: [0.515162,-0.241394]
object_10: [0.835484,0.0183128]
object_11: [0.836859,-0.0892202]
object_12: [0.84979,0.130984]
object_13: [0.477905,0.252372]
object_14: [0.641356,-0.27504]
object_15: [0.810861,0.0947749]
object_16: [0.427482,0.190931]
object_17: [0.884022,-0.249147]
object_18: [0.450216,0.0472344]
object_19: [0.687102,-0.13056]
