num_objects: 20
object_0: [0.65,0]
object_1: [0.518961,0.108845]
object_2: [0.593887,-0.243242]
object_3: [0.491662,-0.223534]
object_4: [0.42585,-0.141623]
object_5: [0.620658,-0.125277]
object_6: [0.449194,0.116545]
object_7: [0.762035,0.138374]
object_8: [0.567024,-0.0589387]
object_9: [0.745691,0.0744825]
object_10: [0.702651,0.218039]
object_11: [0.55538,-0.00976309]
object_12: [0.646482,0.241735]
object_13: [0.69215,0.114898]
object_14: [0.812742,0.160575]
object_15: [0.80947,0.226311]
object_16: [0.877249,-0.134523]
object_17: [0.403209,0.031929]
object_18: [0.484684,0.299494]
object_19: [0.68501,-0.135256]
