num_objects: 20
object_0: [0.65,0]
object_1: [0.757618,-0.120183]
object_2: [0.51115,0.170402]
object_3: [0.523148,-0.112142]
object_4: [0.568083,-0.0604079]
object_5: [0.87178,-0.280665]
object_6: [0.828331,0.223868]
object_7: [0.460976,0.0166786]
object_8: [0.583799,-0.134758]
object_9: [0.450426,0.071698]
object_10: [0.556174,0.211372]
object_11: [0.775364,-0.273493]
object_12: [0.884591,0.134334]
object_13: [0.622073,0.265864]
object_14: [0.809969,0.100474]
object_15: [0.706383,-0.290688]
object_16: [0.743784,-0.0183421]
object_17: [0.898614,-0.146261]
object_18: [0.442463,-0.241152]
object_19: [0.837864,-0.0616358]
