num_objects: 20
object_0: [0.65,0]
object_1: [0.776894,0.263432]
object_2: [0.688347,-0.206174]
object_3: [0.788451,0.184211]
object_4: [0.527027,0.0887219]
object_5: [0.56877,-0.27286]
object_6: [0.598267,0.104936]
object_7: [0.60127,-0.122332]
object_8: [0.5966,0.0350102]
object_9: [0.508366,0.225547]
object_10: [0.699975,-0.276927]
object_11: [0.666935,0.092949]
object_12: [0.828337,0.00114893]
object_13: [0.440319,-0.111676]
object_14: [0.895401,-0.282103]
object_15: [0.711609,-0.153086]
object_16: [0.545045,-0.17788]
object_17: [0.891368,-0.137025]
object_18: [0.466454,-0.180319]
object_19: [0.473769,0.139715]
