num_objects: 20
object_0: [0.65,0]
object_1: [0.732893,-0.18207]
object_2: [0.501772,-0.271073]
object_3: [0.752738,0.190803]
object_4: [0.866533,0.0390093]
object_5: [0.446461,-0.194584]
object_6: [0.543708,0.217767]
object_7: [0.857613,-0.203683]
object_8: [0.46489,-0.147791]
object_9: [0.711821,-0.29138]
object_10: [0.740384,0.136439]
object_11: [0.814769,-0.0694637]
object_12: [0.613571,-0.258232]
object_13: [0.483381,-0.000234831]
object_14: [0.853977,0.15259]
object_15: [0.801264,-0.241765]
object_16: [0.855644,0.269694]
object_17: [0.455009,-0.290911]
object_18: [0.440098,0.140196]
object_19: [0.630529,0.215432]
