num_objects: 20
object_0: [0.65,0]
object_1: [0.669834,-0.213663]
object_2: [0.552159,-0.120547]
object_3: [0.596835,-0.171725]
object_4: [0.85096,0.154448]
object_5: [0.841746,-0.192973]
object_6: [0.50442,-0.14201]
object_7: [0.473504,0.00192239]
object_8: [0.428156,-0.255168]
object_9: [0.618012,0.0704108]
object_10: [0.461444,0.194006]
object_11: [0.709767,0.0715117]
object_12: [0.438192,0.0773057]
object_13: [0.434384,0.267961]
object_14: [0.748029,-0.0255944]
object_15: [0.864776,-0.246163]
object_16: [0.52595,-0.277833]
object_17: [0.55013,0.239065]
object_18: [0.881972,-0.0860563]
object_19: [0.511655,0.0560745]
