num_objects: 25
object_0: [0.65,0]
object_1: [0.464005,0.168072]
object_2: [0.816339,0.00314705]
object_3: [0.520355,-0.0453347]
object_4: [0.740392,-0.286656]
object_5: [0.629999,-0.233754]
object_6: [0.644122,-0.119082]
object_7: [0.764458,-0.124041]
object_8: [0.684286,-0.235601]
object_9: [0.843565,0.134786]
object_10: [0.827987,-0.0743705]
object_11: [0.734406,0.205613]
object_12: [0.592104,-0.0318611]
object_13: [0.672685,-0.173495]
object_14: [0.564252,0.104028]
object_15: [0.895481,-0.203291]
object_16: [0.489312,-0.160997]
object_17: [0.526955,-0.272627]
object_18: [0.417709,0.249434]
object_19: [0.803033,0.253529]
object_20: [0.720184,0.109999]
object_21: [0.738012,-0.0021949]
object_22: [0.42969,-0.0930975]
object_23: [0.795868,-0.287213]
object_24: [0.579327,-0.0977372]
