num_objects: 25
object_0: [0.65,0]
object_1: [0.772199,0.221135]
object_2: [0.761553,0.142277]
object_3: [0.704026,0.132608]
object_4: [0.825261,0.0506788]
object_5: [0.68387,-0.0602385]
object_6: [0.548227,0.0245987]
object_7: [0.627324,0.187008]
object_8: [0.877958,0.243971]
object_9: [0.80782,-0.0830609]
object_10: [0.600677,-0.26307]
object_11: [0.899837,-0.10283]
object_12: [0.428372,0.119046]
object_13: [0.521255,0.16791]
object_14: [0.650432,-0.128364]
object_15: [0.704801,-0.215814]
object_16: [0.814916,-0.000555181]
object_17: [0.75351,-0.092018]
object_18: [0.858879,0.124016]
object_19: [0.897731,0.0775594]
object_20: [0.519907,-0.268677]
object_21: [0.816028,0.157928]
object_22: [0.566442,-0.100249]
object_23: [0.600762,0.14096]
object_24: [0.649695,-0.293325]
