num_objects: 25
object_0: [0.65,0]
object_1: [0.516077,0.112294]
object_2: [0.405242,-0.166131]
object_3: [0.824169,-0.186535]
object_4: [0.424259,0.125218]
object_5: [0.639792,-0.288998]
object_6: [0.625426,0.196042]
object_7: [0.758536,-0.00823828]
object_8: [0.604409,-0.0703031]
object_9: [0.503235,-0.249095]
object_10: [0.61484,-0.16908]
object_11: [0.754719,-0.167151]
object_12: [0.777625,0.0414023]
object_13: [0.418775,0.183978]
object_14: [0.829132,0.010281]
object_15: [0.812483,-0.114531]
object_16: [0.571936,0.0252229]
object_17: [0.797692,-0.2482]
object_18: [0.544521,-0.0910015]
object_19: [0.668748,0.131233]
object_20: [0.683266,-0.151839]
object_21: [0.870069,0.183626]
object_22: [0.43383,0.283493]
object_23: [0.736932,0.195464]
object_24: [0.716201,0.288191]
