num_objects: 25
object_0: [0.65,0]
object_1: [0.682132,-0.0498297]
object_2: [0.896858,0.0968291]
object_3: [0.695833,0.120993]
object_4: [0.811987,0.164746]
object_5: [0.799018,-0.266331]
object_6: [0.464077,-0.179032]
object_7: [0.751433,-0.282698]
object_8: [0.713368,-0.130454]
object_9: [0.772519,-0.161314]
object_10: [0.745087,0.0728758]
object_11: [0.626483,0.226941]
object_12: [0.721647,-0.0176694]
object_13: [0.63307,0.0537548]
object_14: [0.890099,-0.0649931]
object_15: [0.701819,0.284349]
object_16: [0.737785,0.22622]
object_17: [0.866575,-0.241179]
object_18: [0.463436,-0.118826]
object_19: [0.859297,0.223146]
object_20: [0.563731,0.267802]
object_21: [0.402897,0.024327]
object_22: [0.836325,-0.0966864]
object_23: [0.46762,0.299713]
object_24: [0.835716,-0.195653]
