num_objects: 25
object_0: [0.65,0]
object_1: [0.479399,0.233831]
object_2: [0.639156,-0.237102]
object_3: [0.432737,-0.295082]
object_4: [0.485333,-0.115684]
object_5: [0.607305,0.0282634]
object_6: [0.410773,0.259775]
object_7: [0.807759,-0.19243]
object_8: [0.453042,0.0725543]
object_9: [0.877543,-0.164334]
object_10: [0.725652,-0.286981]
object_11: [0.56964,-0.220414]
object_12: [0.622155,-0.17556]
object_13: [0.748201,0.0618652]
object_14: [0.448559,-0.195171]
object_15: [0.753969,-0.202445]
object_16: [0.491456,-0.24217]
object_17: [0.601788,0.088051]
object_18: [0.850342,-0.0449262]
object_19: [0.689855,0.129721]
object_20: [0.702204,-0.0554421]
object_21: [0.838211,0.126294]
object_22: [0.41426,0.198904]
object_23: [0.8683,0.25476]
object_24: [0.760274,-0.0656354]
