num_objects: 25
object_0: [0.65,0]
object_1: [0.720874,-0.145572]
object_2: [0.658996,-0.209041]
object_3: [0.531736,0.0880729]
object_4: [0.875336,-0.222577]
object_5: [0.425444,-0.239444]
object_6: [0.737395,0.0809484]
object_7: [0.562825,-0.0621867]
object_8: [0.731905,0.240663]
object_9: [0.632858,0.263215]
object_10: [0.490318,0.135748]
object_11: [0.626466,-0.10618]
object_12: [0.424331,-0.0105547]
object_13: [0.504636,-0.154287]
object_14: [0.762644,0.0315128]
object_15: [0.757807,-0.0797781]
object_16: [0.804951,-0.159837]
object_17: [0.840197,-0.0184156]
object_18: [0.501206,0.258769]
object_19: [0.798495,0.143564]
object_20: [0.623401,0.0474666]
object_21: [0.806358,-0.292909]
object_22: [0.712196,-0.269183]
object_23: [0.604846,-0.185648]
object_24: [0.873623,0.10995]
