num_objects: 25
object_0: [0.65,0]
object_1: [0.610295,0.146542]
object_2: [0.611261,0.0535719]
object_3: [0.760932,0.232826]
object_4: [0.87563,-0.123694]
object_5: [0.803247,0.0817608]
object_6: [0.857242,-0.175588]
object_7: [0.665274,0.166789]
object_8: [0.566751,0.28641]
object_9: [0.578546,0.196012]
object_10: [0.517026,-0.198115]
object_11: [0.44831,-0.00761344]
object_12: [0.585496,0.00378696]
object_13: [0.738949,-0.109057]
object_14: [0.431238,0.0672502]
object_15: [0.743887,0.170603]
object_16: [0.439091,-0.116028]
object_17: [0.791601,-0.223355]
object_18: [0.737081,-0.289648]
object_19: [0.690692,-0.203718]
object_20: [0.492158,-0.104593]
object_21: [0.660766,-0.0756742]
object_22: [0.89298,-0.232836]
object_23: [0.775488,-0.032083]
object_24: [0.796353,-0.284233]
