num_objects: 25
object_0: [0.65,0]
object_1: [0.528743,0.153448]
object_2: [0.803467,0.0311295]
object_3: [0.704219,0.276506]
object_4: [0.485443,0.120895]
object_5: [0.545941,-0.293197]
object_6: [0.78675,-0.16659]
object_7: [0.87349,0.153985]
object_8: [0.65102,0.121707]
object_9: [0.843094,-0.282938]
object_10: [0.651819,-0.203445]
object_11: [0.430736,0.267989]
object_12: [0.890744,-0.00874306]
object_13: [0.837837,-0.156616]
object_14: [0.795428,0.209768]
object_15: [0.88654,-0.105237]
object_16: [0.478842,0.252036]
object_17: [0.440623,0.199871]
object_18: [0.475018,0.0557112]
object_19: [0.603866,0.091245]
object_20: [0.547848,-0.123648]
object_21: [0.740256,0.1796]
object_22: [0.772991,-0.0653116]
object_23: [0.838288,-0.0885079]
object_24: [0.883221,-0.22935]
