num_objects: 25
object_0: [0.65,0]
object_1: [0.417547,0.154379]
object_2: [0.883682,0.107127]
object_3: [0.75952,0.0110813]
object_4: [0.706939,0.115273]
object_5: [0.821537,0.162936]
object_6: [0.706091,0.254591]
object_7: [0.658585,-0.292554]
object_8: [0.607146,0.18772]
object_9: [0.553165,-0.243117]
object_10: [0.818394,-0.0850906]
object_11: [0.476161,-0.111839]
object_12: [0.442826,-0.282662]
object_13: [0.733044,-0.268744]
object_14: [0.473324,0.12071]
object_15: [0.804696,-0.231593]
object_16: [0.589864,0.0170595]
object_17: [0.510277,-0.0146678]
object_18: [0.782583,0.199641]
object_19: [0.599936,-0.0780934]
object_20: [0.591127,-0.294453]
object_21: [0.764955,0.113151]
object_22: [0.624879,0.264502]
object_23: [0.750147,0.0612482]
object_24: [0.52722,0.171567]
