num_objects: 25
object_0: [0.65,0]
object_1: [0.499302,-0.25695]
object_2: [0.723035,-0.00730904]
object_3: [0.562304,-0.155784]
object_4: [0.488566,-0.167131]
object_5: [0.889478,0.0596566]
object_6: [0.447595,0.24668]
object_7: [0.661309,-0.0915873]
object_8: [0.785912,-0.032345]
object_9: [0.894535,-0.0382365]
object_10: [0.704778,0.277897]
object_11: [0.653319,0.0853308]
object_12: [0.695914,0.164247]
object_13: [0.633743,-0.166412]
object_14: [0.503311,0.0996541]
object_15: [0.547198,0.211615]
object_16: [0.446526,-0.101376]
object_17: [0.820226,-0.256795]
object_18: [0.865234,0.261385]
object_19: [0.541498,0.152979]
object_20: [0.849589,-0.136761]
object_21: [0.495619,-0.113055]
object_22: [0.621505,0.165228]
object_23: [0.736679,-0.279097]
object_24: [0.674562,-0.215494]
