num_objects: 25
object_0: [0.65,0]
object_1: [0.619598,-0.115992]
object_2: [0.816065,-0.174094]
object_3: [0.477078,0.069199]
object_4: [0.568792,0.196992]
object_5: [0.716293,0.0810806]
object_6: [0.570494,-0.171618]
object_7: [0.845987,-0.0339695]
object_8: [0.588289,-0.254227]
object_9: [0.784531,0.238866]
object_10: [0.625082,-0.184063]
object_11: [0.861106,-0.266314]
object_12: [0.548496,0.128951]
object_13: [0.441211,0.141712]
object_14: [0.410799,0.248731]
object_15: [0.873015,-0.194547]
object_16: [0.402037,-0.202518]
object_17: [0.859375,-0.092963]
object_18: [0.478869,0.236956]
object_19: [0.572351,0.25608]
object_20: [0.796519,0.17692]
object_21: [0.460013,-0.134907]
object_22: [0.515496,-0.0448832]
object_23: [0.46281,-0.208079]
object_24: [0.83406,0.0382559]
