num_objects: 25
object_0: [0.65,0]
object_1: [0.44598,-0.249862]
object_2: [0.544613,0.215683]
object_3: [0.537651,-0.0892921]
object_4: [0.740093,-0.192043]
object_5: [0.437235,-0.194511]
object_6: [0.622434,-0.089562]
object_7: [0.573897,-0.152407]
object_8: [0.889852,-0.219489]
object_9: [0.633076,0.225101]
object_10: [0.420296,-0.118324]
object_11: [0.778243,0.143932]
object_12: [0.506701,-0.0257952]
object_13: [0.857066,-0.27286]
object_14: [0.654925,-0.296344]
object_15: [0.464398,0.179445]
object_16: [0.832783,-0.0575405]
object_17: [0.475127,0.027451]
object_18: [0.692013,-0.165166]
object_19: [0.760783,-0.282663]
object_20: [0.687727,-0.258384]
object_21: [0.606858,0.13601]
object_22: [0.414739,0.231744]
object_23: [0.497097,-0.154272]
object_24: [0.571624,-0.0163451]
