num_objects: 25
object_0: [0.65,0]
object_1: [0.715489,0.252317]
object_2: [0.819019,0.166575]
object_3: [0.710856,0.0884583]
object_4: [0.845818,-0.299137]
object_5: [0.487932,0.01447]
object_6: [0.897522,-0.0621497]
object_7: [0.899835,0.156125]
object_8: [0.514576,-0.0602743]
object_9: [0.465027,0.194463]
object_10: [0.558293,0.00738492]
object_11: [0.500447,0.262439]
object_12: [0.594304,0.0903913]
object_13: [0.839118,-0.246659]
object_14: [0.526366,-0.220395]
object_15: [0.837423,0.230226]
object_16: [0.426601,0.127731]
object_17: [0.738176,0.0217073]
object_18: [0.615803,-0.202951]
object_19: [0.819692,-0.135084]
object_20: [0.778301,-0.163205]
object_21: [0.862756,0.0809023]
object_22: [0.647814,-0.141036]
object_23: [0.80056,-0.087991]
object_24: [0.783335,-0.233412]
