num_objects: 25
object_0: [0.65,0]
object_1: [0.514275,-0.0255786]
object_2: [0.544716,0.0434529]
object_3: [0.899704,-0.249111]
object_4: [0.729377,-0.26125]
object_5: [0.544508,-0.223251]
object_6: [0.638123,0.224236]
object_7: [0.548391,-0.274334]
object_8: [0.460331,-0.157849]
object_9: [0.82441,-0.0385869]
object_10: [0.767788,-0.224082]
object_11: [0.714505,-0.167357]
object_12: [0.845622,-0.143152]
object_13: [0.759391,-0.00550731]
object_14: [0.746107,0.130914]
object_15: [0.687818,-0.0894188]
object_16: [0.791387,0.218792]
object_17: [0.639442,-0.228598]
object_18: [0.621356,0.273078]
object_19: [0.896365,0.143696]
object_20: [0.888206,0.208037]
object_21: [0.674541,0.127193]
object_22: [0.892778,0.262875]
object_23: [0.82131,0.0367161]
object_24: [0.612923,0.160786]
