num_objects: 25
object_0: [0.65,0]
object_1: [0.837622,-0.274471]
object_2: [0.517,0.123045]
object_3: [0.670812,-0.0819046]
object_4: [0.575273,-0.0586419]
object_5: [0.77445,0.187259]
object_6: [0.782131,-0.0455074]
object_7: [0.42671,0.250665]
object_8: [0.600049,0.0863894]
object_9: [0.88845,-0.183852]
object_10: [0.594775,0.182255]
object_11: [0.421416,0.0741293]
object_12: [0.654417,0.0506737]
object_13: [0.893521,0.215628]
object_14: [0.858474,0.141372]
object_15: [0.746739,0.108725]
object_16: [0.479887,-0.0771362]
object_17: [0.620465,-0.172083]
object_18: [0.544607,-0.148285]
object_19: [0.526083,0.216414]
object_20: [0.861737,0.0850288]
object_21: [0.732224,0.279784]
object_22: [0.675381,-0.148617]
object_23: [0.416331,0.0224894]
object_24: [0.715409,-0.0402741]
