# Format:  Position / Orientation 
# Ws_x : [X, Y, Z, qx, qy, qz, qw ] 
possible_poses:
  pose_1: [ 0, 0, 0, 0, 0, 0, 1 ] 
  pose_2: [ 0.12348, 0.01726, 0, 0, 0, 0, 1 ] 
  pose_3: [ 0.12348, 0.01726, 0, 0, 0, 0, 1 ] 
  pose_4: [ 0.12348, 0.11776, 0, 0, 0, 0, 1 ] 
  pose_5: [ 0.12348, 0.17246, 0, 0, 0, 0, 1 ] 
  pose_6: [ 0.12439, 0.24591, 0, 0, 0, -0.00047, 1 ] 
  pose_7: [ 0.12649, 0.39803, 0, 0, 0.0, -0.00154, 1 ] 
  pose_8: [ 0.12779, 0.48691, 0, 0, 0.0, -0.00227, 1 ] 
  pose_9: [ 0.12851, 0.53376, 0, 0, 0, -0.00267, 1 ] 
  pose_10: [ 0.12848, -0.06433, 0, 0, 0, -0.00267, 1 ] 
  pose_11: [ 0.12848, -0.16214, 0, 0, 0, -0.00267, 1 ] 
  pose_12: [ 0.12848, -0.20565, 0, 0, 0, -0.00267, 1 ] 
  pose_13: [ 0.12848, -0.27255, 0, 0, 0, -0.00267, 1 ] 
  pose_14: [ 0.12848, -0.32176, 0, 0, 0, -0.00267, 1 ] 
  pose_15: [ 0.12848, -0.35386, 0, 0, 0, -0.00267, 1 ] 
  pose_16: [ 0.12848, -0.40807, 0, 0, 0, -0.00267, 1 ] 
  pose_17: [ 0.12848, -0.44477, 0, 0, 0, -0.00267, 1 ] 
  pose_18: [ 2.5269, 0.33831, 0, 0, 0, 0.99999, 0.00521 ] 
  pose_19: [ 2.5269, 0.28271, 0, 0, 0, 0.99999, 0.00521 ] 
  pose_20: [ 2.5268, 0.22911, 0, 0, 0, 0.99999, 0.00512 ] 
  pose_21: [ 2.5268, 0.16991, 0, 0, 0, 0.99999, 0.00512 ] 
  pose_22: [ 2.5268, 0.11167, 0, 0.0, 0, 0.99999, 0.00504 ] 
  pose_23: [ 2.5268, 0.05733, 0, 0.0, 0, 0.99999, 0.00502 ] 
  pose_24: [ 2.5268, 0.00776, 0, 0, 0, 0.99999, 0.00502 ] 
  pose_25: [ 2.5267, -0.04424, 0, 0, 0, 0.99999, 0.00502 ] 
  pose_26: [ 2.5267, -0.07164, 0, 0, 0, 0.99999, 0.00502 ] 
  pose_27: [ 2.5266, -0.12115, 0, 0, 0, 0.99999, 0.00502 ] 
  pose_28: [ 2.4805, -0.12115, 0, 0, 0, 0.99999, 0.00502 ] 
  pose_29: [ 2.4805, -0.14665, 0, 0, 0, 0.99999, 0.00502 ] 
  pose_30: [ 2.4799, 0.21758, 0, 0.0, 0, 0.99999, 0.00449 ] 
  pose_31: [ 2.4795, 0.32372, 0, 0.0, 0, 0.99999, 0.00434 ] 
  pose_32: [ 2.4795, 0.39235, 0, 0, 0, 0.99999, 0.00434 ] 
  pose_33: [ 2.4795, 0.46496, 0, 0, 0, 0.99999, 0.00434 ] 
  pose_34: [ 2.4795, 0.52246, 0, 0, 0, 0.99999, 0.00434 ] 
  pose_35: [ 2.4795, 0.59187, 0, 0, 0, 0.99999, 0.00434 ] 
  pose_36: [ 2.4795, 0.65517, 0, 0, 0, 0.99999, 0.00434 ] 
  pose_37: [ 2.4795, 0.71428, 0, 0, 0, 0.99999, 0.00434 ] 
  pose_38: [ 2.4795, 0.78128, 0, 0, 0, 0.99999, 0.00434 ]
  pose_39: [ -1.01191, 1.1466, 0, 0, 0, 0.70716, 0.70705 ]    #bin 1
  pose_40: [ -1.01041, -1.16749, 0, 0, 0, -0.71031, 0.70389 ] #bin 2
  pose_41: [ 3.0359, -1.16454, 0, 0, 0, -0.71209, 0.70209 ]   #bin 3
  pose_42: [ 3.0069, 1.1741, 0, 0, 0, 0.70618, 0.70803 ]      #bin 4

number_of_poses: 42
