num_objects: 30
object_0: [0.65,0]
object_1: [0.433024,0.100264]
object_2: [0.509641,0.0198799]
object_3: [0.808103,0.017067]
object_4: [0.781708,0.083725]
object_5: [0.86585,0.0468582]
object_6: [0.431376,-0.160717]
object_7: [0.550883,-0.0792977]
object_8: [0.745143,-0.0464233]
object_9: [0.80677,0.144972]
object_10: [0.88579,0.248669]
object_11: [0.889522,-0.272347]
object_12: [0.521792,-0.2927]
object_13: [0.7767,-0.276584]
object_14: [0.527474,0.283609]
object_15: [0.68608,-0.257308]
object_16: [0.650564,-0.0986541]
object_17: [0.856837,0.164069]
object_18: [0.732483,-0.0959297]
object_19: [0.414679,0.0308679]
object_20: [0.604374,-0.299438]
object_21: [0.548659,-0.207984]
object_22: [0.71171,0.0763013]
object_23: [0.883384,-0.0995312]
object_24: [0.429999,0.228265]
object_25: [0.832264,-0.270831]
object_26: [0.592193,-0.136034]
object_27: [0.776279,0.224747]
object_28: [0.740265,0.261905]
object_29: [0.450485,-0.015029]
