num_objects: 30
object_0: [0.65,0]
object_1: [0.406222,0.265888]
object_2: [0.589131,0.0089644]
object_3: [0.7704,-0.229781]
object_4: [0.640829,0.232059]
object_5: [0.591571,0.256624]
object_6: [0.878716,0.280516]
object_7: [0.705221,-0.107729]
object_8: [0.852237,-0.241449]
object_9: [0.720537,0.169665]
object_10: [0.76202,0.257512]
object_11: [0.678439,-0.163752]
object_12: [0.477343,-0.0859315]
object_13: [0.602667,-0.160094]
object_14: [0.812886,-0.0085949]
object_15: [0.780331,-0.17758]
object_16: [0.400308,0.000876993]
object_17: [0.594114,0.122524]
object_18: [0.60499,-0.0926041]
object_19: [0.482402,-0.161387]
object_20: [0.589881,0.183527]
object_21: [0.406898,-0.237719]
object_22: [0.767532,0.0424038]
object_23: [0.863727,0.141729]
object_24: [0.676866,0.269218]
object_25: [0.84318,-0.111364]
object_26: [0.476365,0.232186]
object_27: [0.489001,0.167538]
object_28: [0.711791,0.225773]
object_29: [0.453655,0.00700349]
