num_objects: 30
object_0: [0.65,0]
object_1: [0.427381,-0.124697]
object_2: [0.720437,0.254225]
object_3: [0.808013,0.00826273]
object_4: [0.746317,0.187945]
object_5: [0.79707,-0.285786]
object_6: [0.545711,0.0963306]
object_7: [0.798151,0.14442]
object_8: [0.419172,-0.0345617]
object_9: [0.610355,0.127493]
object_10: [0.471395,-0.0192898]
object_11: [0.864819,0.000160015]
object_12: [0.618953,0.298316]
object_13: [0.891155,-0.0425177]
object_14: [0.556108,-0.239636]
object_15: [0.436294,0.0554631]
object_16: [0.658073,0.0840645]
object_17: [0.513617,-0.174731]
object_18: [0.626674,-0.287176]
object_19: [0.516236,0.146863]
object_20: [0.740962,-0.282736]
object_21: [0.635586,0.243709]
object_22: [0.587016,-0.0825624]
object_23: [0.457114,0.187162]
object_24: [0.891598,0.232402]
object_25: [0.733952,-0.173742]
object_26: [0.448059,-0.227249]
object_27: [0.515902,-0.102847]
object_28: [0.833011,0.248237]
object_29: [0.72663,0.110831]
