num_objects: 30
object_0: [0.65,0]
object_1: [0.697133,-0.227337]
object_2: [0.707737,-0.102402]
object_3: [0.745889,0.267813]
object_4: [0.50954,0.0715394]
object_5: [0.409959,-0.158219]
object_6: [0.545351,0.243767]
object_7: [0.796627,-0.0800707]
object_8: [0.858613,-0.202497]
object_9: [0.872481,0.0391899]
object_10: [0.89833,-0.253876]
object_11: [0.576852,-0.237618]
object_12: [0.694273,0.268781]
object_13: [0.512538,-0.177588]
object_14: [0.475187,-0.00217368]
object_15: [0.668044,0.199767]
object_16: [0.819191,0.033603]
object_17: [0.434623,-0.22255]
object_18: [0.631142,0.0719645]
object_19: [0.738746,0.0179581]
object_20: [0.862547,0.104492]
object_21: [0.789062,-0.182791]
object_22: [0.513383,-0.29808]
object_23: [0.599684,0.0024382]
object_24: [0.40022,-0.026315]
object_25: [0.591344,0.203294]
object_26: [0.883953,-0.015342]
object_27: [0.764984,-0.264981]
object_28: [0.707743,0.0690777]
object_29: [0.653894,-0.124214]
