num_objects: 30
object_0: [0.65,0]
object_1: [0.647751,0.0509484]
object_2: [0.528157,0.0401103]
object_3: [0.506512,0.116328]
object_4: [0.685036,-0.0705591]
object_5: [0.853611,-0.126349]
object_6: [0.62085,0.124341]
object_7: [0.402841,0.17255]
object_8: [0.569883,-0.0938668]
object_9: [0.863785,-0.271152]
object_10: [0.51447,0.169044]
object_11: [0.583254,-0.00654199]
object_12: [0.784521,0.169161]
object_13: [0.55644,-0.284787]
object_14: [0.759618,0.251315]
object_15: [0.854153,0.0758746]
object_16: [0.504139,-0.0167109]
object_17: [0.489692,-0.160426]
object_18: [0.816831,0.246063]
object_19: [0.720187,-0.179897]
object_20: [0.599601,0.256085]
object_21: [0.864069,-0.199054]
object_22: [0.4968,-0.265482]
object_23: [0.669646,-0.189201]
object_24: [0.445669,-0.1089]
object_25: [0.535887,0.255]
object_26: [0.462586,0.0766844]
object_27: [0.798026,0.0286206]
object_28: [0.702616,-0.263249]
object_29: [0.768241,-0.0349339]
