num_objects: 30
object_0: [0.65,0]
object_1: [0.86594,-0.169469]
object_2: [0.566014,-0.21224]
object_3: [0.596584,0.144821]
object_4: [0.643348,-0.180015]
object_5: [0.787064,-0.0274245]
object_6: [0.886776,-0.215398]
object_7: [0.640943,0.0765426]
object_8: [0.707721,-0.159333]
object_9: [0.441017,0.0444774]
object_10: [0.655318,-0.0819188]
object_11: [0.81374,0.132253]
object_12: [0.508813,0.0138926]
object_13: [0.743191,0.0297917]
object_14: [0.734711,-0.25227]
object_15: [0.539762,-0.26091]
object_16: [0.840324,0.192958]
object_17: [0.56337,-0.0703217]
object_18: [0.878463,0.13958]
object_19: [0.448051,0.299291]
object_20: [0.770746,0.167555]
object_21: [0.866396,0.275471]
object_22: [0.551206,0.0715037]
object_23: [0.654386,0.283101]
object_24: [0.815328,-0.232817]
object_25: [0.859629,-0.272741]
object_26: [0.84325,-0.0346887]
object_27: [0.480374,0.156048]
object_28: [0.772753,-0.126781]
object_29: [0.740772,0.214629]
