num_objects: 30
object_0: [0.65,0]
object_1: [0.63336,-0.163727]
object_2: [0.491981,0.215181]
object_3: [0.762384,-0.0844719]
object_4: [0.499236,-0.197866]
object_5: [0.775471,0.258497]
object_6: [0.571918,-0.0776118]
object_7: [0.717205,0.00364304]
object_8: [0.775196,-0.287592]
object_9: [0.787428,-0.146586]
object_10: [0.54529,-0.242376]
object_11: [0.500008,0.0909269]
object_12: [0.775034,0.0108578]
object_13: [0.772609,0.0710494]
object_14: [0.437712,-0.0180074]
object_15: [0.888815,-0.135662]
object_16: [0.720105,0.137143]
object_17: [0.502363,0.290428]
object_18: [0.64506,0.0809193]
object_19: [0.429327,-0.200209]
object_20: [0.540508,0.200106]
object_21: [0.611004,0.0429576]
object_22: [0.864775,0.183092]
object_23: [0.802113,-0.222261]
object_24: [0.723831,0.234691]
object_25: [0.654784,0.207903]
object_26: [0.831434,-0.00768162]
object_27: [0.507884,-0.104924]
object_28: [0.643563,-0.111008]
object_29: [0.874926,0.0481118]
