num_objects: 30
object_0: [0.65,0]
object_1: [0.783142,0.230316]
object_2: [0.504005,0.0605565]
object_3: [0.505311,-0.17588]
object_4: [0.836566,-0.266079]
object_5: [0.790951,0.00627937]
object_6: [0.634837,0.223944]
object_7: [0.814483,0.144869]
object_8: [0.726799,0.254047]
object_9: [0.88836,-0.0111427]
object_10: [0.420128,-0.137371]
object_11: [0.63554,0.0872921]
object_12: [0.56615,-0.0758616]
object_13: [0.513553,-0.258731]
object_14: [0.80767,0.296035]
object_15: [0.697159,-0.202041]
object_16: [0.515109,-0.0195303]
object_17: [0.888958,0.113685]
object_18: [0.703505,0.0298969]
object_19: [0.415628,0.0703984]
object_20: [0.527931,0.114745]
object_21: [0.641657,-0.174897]
object_22: [0.757296,-0.25342]
object_23: [0.585885,0.266885]
object_24: [0.540522,0.205372]
object_25: [0.798243,-0.220263]
object_26: [0.772078,-0.0758629]
object_27: [0.758312,0.165248]
object_28: [0.895446,0.0428421]
object_29: [0.822445,-0.163831]
