num_objects: 30
object_0: [0.65,0]
object_1: [0.414173,-0.132578]
object_2: [0.416911,-0.288004]
object_3: [0.750393,-0.0472223]
object_4: [0.514679,-0.171677]
object_5: [0.551399,0.275969]
object_6: [0.660415,0.214518]
object_7: [0.420578,0.0111159]
object_8: [0.430587,-0.0388388]
object_9: [0.823992,-0.142212]
object_10: [0.8106,0.255384]
object_11: [0.801544,-0.0304395]
object_12: [0.622839,-0.134792]
object_13: [0.564134,-0.146441]
object_14: [0.477246,-0.253515]
object_15: [0.704806,-0.103904]
object_16: [0.78497,-0.103243]
object_17: [0.813126,0.198668]
object_18: [0.781599,0.104542]
object_19: [0.486264,-0.0828395]
object_20: [0.614044,0.0931229]
object_21: [0.493044,0.0153342]
object_22: [0.514114,0.17742]
object_23: [0.826191,-0.290926]
object_24: [0.754055,-0.216506]
object_25: [0.561424,-0.0131704]
object_26: [0.633543,-0.21054]
object_27: [0.731367,-0.267863]
object_28: [0.416562,0.256135]
object_29: [0.572129,0.14474]
