num_objects: 30
object_0: [0.65,0]
object_1: [0.440811,0.0445416]
object_2: [0.795466,0.0487709]
object_3: [0.414043,0.144156]
object_4: [0.559398,0.268406]
object_5: [0.792846,-0.266924]
object_6: [0.427293,-0.122948]
object_7: [0.666476,0.264651]
object_8: [0.768636,0.281936]
object_9: [0.465,0.179178]
object_10: [0.857803,-0.125552]
object_11: [0.679356,0.0966676]
object_12: [0.689723,-0.121777]
object_13: [0.53578,0.0639026]
object_14: [0.63211,-0.0910131]
object_15: [0.430308,0.271672]
object_16: [0.429267,-0.0723518]
object_17: [0.850065,0.206535]
object_18: [0.868693,-0.28452]
object_19: [0.737608,0.211795]
object_20: [0.558274,-0.159644]
object_21: [0.665482,0.171399]
object_22: [0.623025,-0.2576]
object_23: [0.411727,0.08575]
object_24: [0.839151,0.0758729]
object_25: [0.544057,0.164462]
object_26: [0.65152,-0.164701]
object_27: [0.799952,-0.193047]
object_28: [0.439245,-0.23013]
object_29: [0.606091,0.0555574]
