num_objects: 30
object_0: [0.65,0]
object_1: [0.446903,-0.129858]
object_2: [0.594399,0.286354]
object_3: [0.41099,-0.177921]
object_4: [0.731074,-0.295435]
object_5: [0.489285,0.227658]
object_6: [0.645064,0.255204]
object_7: [0.615961,-0.144217]
object_8: [0.792484,-0.19151]
object_9: [0.701393,0.033472]
object_10: [0.553699,-0.0195106]
object_11: [0.449131,-0.061762]
object_12: [0.655843,-0.242322]
object_13: [0.728601,-0.169541]
object_14: [0.807604,0.253634]
object_15: [0.84999,-0.0159849]
object_16: [0.603736,0.0372773]
object_17: [0.515367,-0.12219]
object_18: [0.671503,0.0942507]
object_19: [0.861458,0.210243]
object_20: [0.462283,-0.287294]
object_21: [0.523734,0.0817517]
object_22: [0.436239,0.101335]
object_23: [0.836449,0.161356]
object_24: [0.898607,-0.131779]
object_25: [0.624639,-0.0733239]
object_26: [0.723047,0.108007]
object_27: [0.433777,-0.0107737]
object_28: [0.459148,-0.234877]
object_29: [0.509847,0.283189]
