num_objects: 30
object_0: [0.65,0]
object_1: [0.434366,0.236202]
object_2: [0.843828,0.00317499]
object_3: [0.579601,-0.0346337]
object_4: [0.622298,0.168212]
object_5: [0.40575,0.0472232]
object_6: [0.53023,-0.109609]
object_7: [0.533788,-0.232027]
object_8: [0.488923,0.295453]
object_9: [0.842205,0.14387]
object_10: [0.450237,-0.280129]
object_11: [0.653596,-0.125723]
object_12: [0.726356,0.187604]
object_13: [0.659394,0.241943]
object_14: [0.615658,-0.0758616]
object_15: [0.586949,0.116961]
object_16: [0.873961,0.268684]
object_17: [0.508238,-0.0644885]
object_18: [0.76408,-0.163214]
object_19: [0.450955,0.133885]
object_20: [0.409719,0.282071]
object_21: [0.711078,0.103289]
object_22: [0.791395,-0.215433]
object_23: [0.687693,-0.171536]
object_24: [0.854521,-0.0593686]
object_25: [0.481117,-0.201]
object_26: [0.871191,-0.141513]
object_27: [0.844071,-0.195838]
object_28: [0.5342,0.0104619]
object_29: [0.559041,0.169746]
