num_objects: 30
object_0: [0.65,0]
object_1: [0.511424,0.0356892]
object_2: [0.652146,0.209798]
object_3: [0.493094,-0.0232682]
object_4: [0.58633,-0.0196607]
object_5: [0.551754,0.121523]
object_6: [0.489599,0.197636]
object_7: [0.848433,0.285412]
object_8: [0.881144,0.0846136]
object_9: [0.608218,-0.095916]
object_10: [0.696925,-0.294721]
object_11: [0.823917,-0.0975101]
object_12: [0.411571,0.115635]
object_13: [0.682215,-0.152405]
object_14: [0.820304,0.153899]
object_15: [0.759337,-0.283922]
object_16: [0.508859,-0.245199]
object_17: [0.796936,0.103937]
object_18: [0.724457,-0.112257]
object_19: [0.565881,0.298897]
object_20: [0.895909,0.148918]
object_21: [0.569151,-0.154719]
object_22: [0.621191,0.259291]
object_23: [0.525467,-0.12587]
object_24: [0.891471,0.200439]
object_25: [0.895824,-0.0469494]
object_26: [0.898848,-0.177813]
object_27: [0.438828,0.0240647]
object_28: [0.714033,0.0120227]
object_29: [0.68798,0.103888]
