num_objects: 30
object_0: [0.65,0]
object_1: [0.47253,-0.0402716]
object_2: [0.883565,0.151118]
object_3: [0.755839,0.147152]
object_4: [0.873606,0.263066]
object_5: [0.774226,-0.0920513]
object_6: [0.621253,0.101104]
object_7: [0.848162,-0.0342315]
object_8: [0.462324,-0.132592]
object_9: [0.540885,-0.217923]
object_10: [0.765474,-0.150194]
object_11: [0.705613,0.181694]
object_12: [0.830594,0.192155]
object_13: [0.617694,0.298195]
object_14: [0.784826,0.0482686]
object_15: [0.641017,-0.132286]
object_16: [0.713052,0.0134993]
object_17: [0.882723,-0.285814]
object_18: [0.480219,0.0194335]
object_19: [0.648446,0.162999]
object_20: [0.567606,-0.127806]
object_21: [0.461541,-0.282645]
object_22: [0.485237,0.0969253]
object_23: [0.807333,0.110935]
object_24: [0.784755,0.215776]
object_25: [0.630844,-0.0468184]
object_26: [0.609696,-0.263555]
object_27: [0.832348,0.0254849]
object_28: [0.898934,-0.143916]
object_29: [0.655303,0.0586651]
