num_objects: 30
object_0: [0.65,0]
object_1: [0.630273,0.210243]
object_2: [0.631735,0.0985565]
object_3: [0.46007,0.200795]
object_4: [0.746028,-0.237998]
object_5: [0.760997,-0.0840242]
object_6: [0.556883,0.190867]
object_7: [0.47335,-0.0916596]
object_8: [0.566299,0.273842]
object_9: [0.694055,0.0535199]
object_10: [0.565907,-0.280947]
object_11: [0.758237,0.203091]
object_12: [0.81774,-0.192034]
object_13: [0.651373,0.273372]
object_14: [0.407301,-0.183118]
object_15: [0.429478,0.141958]
object_16: [0.677381,-0.0763669]
object_17: [0.677354,-0.278416]
object_18: [0.859146,0.120846]
object_19: [0.591604,-0.0734466]
object_20: [0.502736,-0.250839]
object_21: [0.419169,0.07856]
object_22: [0.556581,0.0758693]
object_23: [0.610576,0.0415336]
object_24: [0.467054,-0.0119358]
object_25: [0.826414,0.216317]
object_26: [0.494994,0.0717558]
object_27: [0.55274,-0.163004]
object_28: [0.827388,-0.0176042]
object_29: [0.53181,0.00778743]
