id: 1

DOF_min: [0,   0,  -3.14159]
DOF_max: [3.5, 3.5, 3.14159]

start: [3.5,  3.5,    -2.35]
goal:  [0,    0,      -2.35]
