id: 0

DOF_min: [0,   0,  -3.14159]
DOF_max: [2.5, 10,  3.14159]

start: [0,    0,      1.5708]
goal:  [2.5,  10,     1.5708]
